72
71
71
71
73
75
76
76
76
75
74
74
75
74
74
75
75
74
75
77
75
75
75
75
74
76
76
75
74
74
73
73
76
77
76
77
78
76
75
76
76
74
75
77
75
75
77
78
77
79
81
79
80
81
80
76
77
77
75
75
77
76
75
77
78
76
77
78
77
75
76
75
73
74
76
75
74
76
76
76
76
76
75
73
73
73
73
74
75
74
73
74
75
75
76
75
74
74
75
74
75
76
74
74
74
74
74
75
75
73
72
73
73
72
74
74
73
74
77
77
77
79
78
75
74
75
73
73
75
75
74
75
79
78
79
81
81
78
78
81
80
81
83
83
80
80
82
81
81
83
83
81
81
83
81
81
81
81
82
84
85
85
84
84
82
82
83
84
84
82
83
85
86
86
86
84
82
82
82
83
83
82
80
82
83
84
84
83
81
81
82
83
83
82
81
82
83
84
85
85
83
81
81
82
83
82
