81 100 360 840
78 100 360 1080
76 100 180 1260
79 100 60 1380
78 100 120 1320
74 100 240 1200
77 100 120 1320
71 100 600 1080
71 100 120 1320
76 100 180 1260
79 100 60 1380
78 100 120 1320
76 100 240 1200
83 100 120 1320
86 100 240 840
85 100 120 960
84 100 240 900
80 100 120 1080
84 100 180 1080
83 100 60 1020
82 100 120 960
78 100 240 840
79 100 120 960
76 100 600 840
79 100 120 1320
83 100 240 1260
79 100 120 1440
83 100 240 1440
79 100 120 1440
84 100 240 1440
83 100 120 1080
82 100 240 1080
78 100 120 1080
79 100 180 1080
83 100 60 1020
82 100 120 960
70 100 240 840
71 100 120 960
83 100 600 840
79 100 120 1320
83 100 240 1260
79 100 120 1440
83 100 240 1440
79 100 120 1440
86 100 240 1440
85 100 120 1080
84 100 240 1080
80 100 120 1080
84 100 180 1080
83 100 60 1020
82 100 120 960
78 100 240 840
79 100 120 960
76 100 600 840
