71 100 120 0 76 100 180 120 79 100 60 300 78 100 120 360 76 100 240 480
76 100 180 0 79 100 60 180 78 100 120 240 76 100 240 360 83 100 120 600
79 100 60 0 78 100 120 60 76 100 240 180 83 100 120 420 81 100 360 540
78 100 120 0 76 100 240 120 83 100 120 360 81 100 360 480 78 100 360 840
76 100 240 0 83 100 120 240 81 100 360 360 78 100 360 720 76 100 180 1080
83 100 120 0 81 100 360 120 78 100 360 480 76 100 180 840 79 100 60 1020
81 100 360 0 78 100 360 360 76 100 180 720 79 100 60 900 78 100 120 960
78 100 360 0 76 100 180 360 79 100 60 540 78 100 120 600 74 100 240 720
76 100 180 0 79 100 60 180 78 100 120 240 74 100 240 360 77 100 120 600
79 100 60 0 78 100 120 60 74 100 240 180 77 100 120 420 71 100 600 540
78 100 120 0 74 100 240 120 77 100 120 360 71 100 600 480 71 100 120 1080
74 100 240 0 77 100 120 240 71 100 600 360 71 100 120 960 76 100 180 1080
77 100 120 0 71 100 600 120 71 100 120 720 76 100 180 840 79 100 60 1020
71 100 600 0 71 100 120 600 76 100 180 720 79 100 60 900 78 100 120 960
71 100 120 0 76 100 180 120 79 100 60 300 78 100 120 360 76 100 240 480
76 100 180 0 79 100 60 180 78 100 120 240 76 100 240 360 83 100 120 600
79 100 60 0 78 100 120 60 76 100 240 180 83 100 120 420 86 100 240 540
78 100 120 0 76 100 240 120 83 100 120 360 86 100 240 480 85 100 120 720
76 100 240 0 83 100 120 240 86 100 240 360 85 100 120 600 84 100 240 720
83 100 120 0 86 100 240 120 85 100 120 360 84 100 240 480 80 100 120 720
86 100 240 0 85 100 120 240 84 100 240 360 80 100 120 600 84 100 180 720
85 100 120 0 84 100 240 120 80 100 120 360 84 100 180 480 83 100 60 660
84 100 240 0 80 100 120 240 84 100 180 360 83 100 60 540 82 100 120 600
80 100 120 0 84 100 180 120 83 100 60 300 82 100 120 360 78 100 240 480
84 100 180 0 83 100 60 180 82 100 120 240 78 100 240 360 79 100 120 600
83 100 60 0 82 100 120 60 78 100 240 180 79 100 120 420 76 100 600 540
82 100 120 0 78 100 240 120 79 100 120 360 76 100 600 480 79 100 120 1080
78 100 240 0 79 100 120 240 76 100 600 360 79 100 120 960 83 100 240 1080
79 100 120 0 76 100 600 120 79 100 120 720 83 100 240 840 79 100 120 1080
76 100 600 0 79 100 120 600 83 100 240 720 79 100 120 960 83 100 240 1080
79 100 120 0 83 100 240 120 79 100 120 360 83 100 240 480 79 100 120 720
83 100 240 0 79 100 120 240 83 100 240 360 79 100 120 600 84 100 240 720
79 100 120 0 83 100 240 120 79 100 120 360 84 100 240 480 83 100 120 720
83 100 240 0 79 100 120 240 84 100 240 360 83 100 120 600 82 100 240 720
79 100 120 0 84 100 240 120 83 100 120 360 82 100 240 480 78 100 120 720
84 100 240 0 83 100 120 240 82 100 240 360 78 100 120 600 79 100 180 720
83 100 120 0 82 100 240 120 78 100 120 360 79 100 180 480 83 100 60 660
82 100 240 0 78 100 120 240 79 100 180 360 83 100 60 540 82 100 120 600
78 100 120 0 79 100 180 120 83 100 60 300 82 100 120 360 70 100 240 480
79 100 180 0 83 100 60 180 82 100 120 240 70 100 240 360 71 100 120 600
83 100 60 0 82 100 120 60 70 100 240 180 71 100 120 420 83 100 600 540
82 100 120 0 70 100 240 120 71 100 120 360 83 100 600 480 79 100 120 1080
70 100 240 0 71 100 120 240 83 100 600 360 79 100 120 960 83 100 240 1080
71 100 120 0 83 100 600 120 79 100 120 720 83 100 240 840 79 100 120 1080
83 100 600 0 79 100 120 600 83 100 240 720 79 100 120 960 83 100 240 1080
79 100 120 0 83 100 240 120 79 100 120 360 83 100 240 480 79 100 120 720
83 100 240 0 79 100 120 240 83 100 240 360 79 100 120 600 86 100 240 720
79 100 120 0 83 100 240 120 79 100 120 360 86 100 240 480 85 100 120 720
83 100 240 0 79 100 120 240 86 100 240 360 85 100 120 600 84 100 240 720
79 100 120 0 86 100 240 120 85 100 120 360 84 100 240 480 80 100 120 720
86 100 240 0 85 100 120 240 84 100 240 360 80 100 120 600 84 100 180 720
85 100 120 0 84 100 240 120 80 100 120 360 84 100 180 480 83 100 60 660
84 100 240 0 80 100 120 240 84 100 180 360 83 100 60 540 82 100 120 600
80 100 120 0 84 100 180 120 83 100 60 300 82 100 120 360 78 100 240 480
