88
75
66
73
77
67
65
75
67
64
76
79
71
67
73
71
64
73
78
73
66
65
73
68
72
77
74
67
56
63
64
63
72
79
80
66
65
73
65
67
70
70
61
63
81
79
76
77
74
62
56
65
70
71
77
82
77
70
69
70
65
61
63
62
66
71
72
68
62
58
55
58
65
70
73
76
76
69
64
66
65
59
59
64
63
60
70
77
72
68
67
64
56
62
74
73
69
70
70
60
59
68
70
70
70
72
66
64
68
65
62
58
57
55
61
69
65
62
64
66
63
68
78
70
63
61
62
59
60
72
73
69
68
68
66
63
69
70
67
63
68
72
74
77
74
71
59
56
59
60
67
67
68
64
58
54
51
62
71
74
75
78
79
69
67
71
65
56
61
69
70
73
82
79
61
58
63
61
62
71
79
71
69
71
68
68
73
77
68
65
67
68
73
79
81
68
57
52
51
60
74
82
74
64
59
56
60
68
71
69
69
73
71
74
83
83
73
68
66
61
65
78
80
72
67
66
63
61
61
61
63
73
77
73
73
72
61
54
61
65
69
77
82
74
64
64
60
58
66
73
73
73
78
72
65
67
66
61
64
75
75
75
82
81
70
66
70
64
66
76
81
76
73
78
71
69
68
61
54
58
70
69
75
83
77
65
65
66
56
57
70
73
73
82
84
68
62
69
67
62
62
63
72
82
81
79
76
73
78
