69
73
83
69
64
80
77
67
68
76
71
62
76
73
66
70
75
76
72
78
72
68
71
69
68
74
77
69
66
71
70
65
75
82
70
66
66
57
51
60
75
80
83
89
82
69
62
65
67
68
74
74
72
67
64
70
70
75
75
74
72
63
63
62
69
73
75
77
71
64
65
66
70
71
65
56
57
55
58
72
83
81
64
57
61
54
64
80
85
72
55
58
67
67
78
86
75
55
51
58
61
72
84
80
68
63
57
57
63
66
65
60
60
61
62
72
78
75
69
65
65
57
61
70
73
71
66
67
61
62
71
78
76
65
61
53
52
64
76
78
73
72
68
60
62
72
75
68
64
64
56
60
71
74
68
67
72
63
61
66
68
64
57
64
69
70
72
74
76
71
67
70
69
66
64
70
71
67
71
71
64
58
67
75
69
71
76
71
61
65
73
63
61
69
69
55
55
67
62
63
76
83
71
65
77
71
63
71
79
73
60
68
70
61
68
74
72
64
70
71
60
67
74
69
61
68
75
63
70
80
74
64
72
80
63
67
79
74
60
64
77
62
60
75
77
67
66
77
66
60
74
78
70
67
73
66
55
66
74
73
73
71
65
61
64
67
68
68
69
70
72
73
73
73
72
71
77
77
72
69
73
70
57
59
69
64
60
69
76
69
68
77
78
70
70
73
63
61
67
71
70
74
83
70
62
69
72
67
66
74
63
57
70
78
73
72
83
73
62
68
70
63
59
71
66
59
69
69
58
57
71
73
72
71
61
65
77
72
60
