76
72
61
59
66
77
89
86
79
69
67
66
66
76
75
70
67
67
67
69
77
78
75
68
67
66
69
74
72
74
71
67
66
71
75
67
69
75
72
72
78
82
72
66
68
74
74
74
76
70
67
64
67
70
70
76
78
74
67
67
69
70
74
77
74
67
69
67
61
61
70
74
70
75
74
66
63
68
68
66
71
71
66
67
72
70
64
70
72
65
61
66
68
69
76
80
73
66
65
62
59
63
66
66
69
76
79
76
73
68
60
59
62
66
69
76
78
71
64
61
64
63
68
71
68
67
64
68
65
69
74
71
69
67
70
65
66
76
77
72
69
75
67
60
68
69
63
58
73
74
67
72
70
60
51
61
67
66
77
83
74
63
66
66
59
67
77
73
65
70
69
56
61
74
73
64
71
75
65
69
80
76
66
71
78
68
61
67
69
66
72
76
71
71
72
67
62
63
67
64
67
76
70
63
68
73
73
73
75
73
70
68
65
62
62
66
68
74
81
74
63
60
63
62
65
73
73
68
71
75
68
66
68
67
65
67
73
72
72
74
68
63
59
61
63
70
76
71
68
70
71
70
72
73
65
58
61
67
74
85
88
78
66
61
62
63
66
68
70
74
76
74
73
72
72
72
70
68
67
65
62
