66
76
69
69
70
64
71
64
70
69
70
72
67
71
63
67
71
68
73
67
71
62
61
70
64
71
67
70
65
60
75
68
72
74
74
64
58
71
61
62
69
76
69
63
77
71
65
67
74
61
52
67
66
64
71
81
71
58
69
69
64
68
80
73
60
68
66
60
63
68
65
58
65
67
63
67
72
70
69
73
69
61
61
63
56
58
69
67
62
68
73
63
59
71
71
65
70
75
68
59
65
67
63
66
73
66
57
60
65
64
67
74
69
57
57
61
59
62
75
74
64
64
71
64
60
69
68
60
60
67
61
58
68
70
62
56
66
69
67
68
78
71
63
71
69
61
64
70
60
57
66
66
58
62
68
63
58
68
71
63
63
68
58
55
66
71
67
64
70
63
60
68
71
68
63
64
59
54
61
67
68
66
68
71
69
72
72
71
65
62
65
66
66
64
64
63
64
72
75
70
61
57
56
56
67
77
70
59
62
63
59
62
75
71
58
62
69
70
67
72
68
59
61
67
67
67
73
67
62
72
75
65
56
59
56
54
69
84
76
61
62
58
58
68
79
69
57
60
58
62
70
74
65
55
65
68
75
83
81
64
54
62
63
70
79
78
60
52
64
60
59
70
72
57
53
73
71
61
67
70
59
54
71
78
69
71
75
64
56
68
75
71
70
72
66
60
67
68
60
62
67
62
57
67
71
66
63
69
68
56
60
67
67
64
66
73
69
70
71
71
63
59
66
64
68
72
73
66
63
69
62
61
62
66
66
67
73
63
62
65
64
59
61
70
71
70
66
61
56
63
65
58
65
80
75
66
68
69
66
68
70
64
58
65
67
59
65
71
61
55
64
69
61
66
74
62
53
63
69
64
68
76
69
60
67
70
65
68
73
68
58
60
63
64
65
60
58
59
64
66
70
76
72
67
69
67
64
65
66
61
53
54
58
60
69
77
75
67
64
66
66
66
67
66
64
66
69
73
72
69
65
60
58
59
68
68
62
58
56
57
59
68
67
63
63
65
69
75
83
76
66
63
61
61
64
68
61
55
61
66
68
70
73
65
62
66
66
66
70
70
59
55
62
65
65
68
69
62
58
64
67
68
69
68
59
54
61
69
69
72
73
68
60
64
69
68
69
68
61
54
62
72
72
71
70
63
54
61
67
62
63
66
65
60
69
73
64
63
68
68
63
67
67
59
61
66
67
67
75
75
65
64
67
65
65
70
70
65
71
72
68
66
71
69
62
65
64
64
66
69
65
59
68
74
77
78
77
69
63
69
70
66
59
57
56
55
63
65
68
69
66
63
67
76
79
78
74
66
60
62
70
76
76
74
67
64
67
69
71
74
72
66
66
68
67
67
70
69
62
64
67
66
68
72
73
67
70
70
65
64
65
63
59
68
67
61
64
69
66
62
72
73
68
74
81
71
61
65
61
56
63
74
69
67
79
76
68
71
77
65
56
63
62
58
64
74
72
67
72
69
65
65
68
63
60
67
67
65
66
69
65
65
67
63
64
69
70
63
64
66
59
54
59
66
69
79
89
86
78
71
67
61
62
67
71
66
61
60
60
60
68
78
