76
75
75
68
73
74
77
77
72
68
67
74
75
75
72
68
65
66
77
79
75
67
59
57
59
75
86
83
73
66
59
54
65
78
79
75
74
71
64
70
76
74
69
71
70
64
68
73
69
66
71
68
64
70
77
70
71
78
75
68
68
74
68
71
82
77
67
62
66
59
66
81
76
65
60
65
57
59
75
74
65
60
64
58
63
81
81
72
64
67
68
66
75
70
60
52
57
66
69
81
77
68
58
57
64
63
71
73
71
66
63
71
67
67
71
70
66
60
66
70
66
68
70
67
60
63
70
71
72
69
62
56
57
62
67
74
79
72
67
64
64
64
67
78
74
68
65
64
62
60
71
72
69
68
67
64
59
68
72
66
65
66
67
63
73
81
77
71
70
66
61
67
75
74
68
68
68
61
64
72
72
63
59
61
65
73
79
76
66
63
66
67
74
84
89
81
75
66
55
55
66
75
69
63
59
53
59
71
77
72
73
72
71
74
76
73
62
60
59
58
68
79
79
71
72
71
66
65
67
63
60
69
71
71
71
72
68
63
69
69
70
77
82
74
65
68
66
64
65
69
70
71
79
79
73
66
63
60
61
72
77
73
70
69
68
68
73
77
71
62
59
62
62
63
72
78
71
66
71
71
67
69
76
72
66
68
68
66
66
67
59
54
60
62
64
72
81
78
70
67
63
60
64
70
67
65
72
70
68
71
69
56
51
61
64
69
78
83
72
62
64
60
59
69
78
74
74
78
70
62
64
64
53
56
69
67
67
72
73
62
65
71
65
65
69
67
58
67
76
68
64
68
63
54
65
70
61
61
73
72
65
77
79
67
63
69
65
52
62
67
64
63
65
59
53
67
70
70
74
75
66
61
72
70
70
76
75
61
55
68
67
66
73
75
61
57
70
72
71
78
80
67
63
73
72
69
76
80
68
62
69
70
64
67
71
61
61
69
70
66
71
72
65
68
77
79
72
75
74
63
63
72
78
72
73
73
66
64
68
73
72
74
71
67
69
69
70
68
72
69
65
71
77
75
69
67
62
58
62
69
72
68
69
70
73
73
75
74
69
65
64
71
77
77
74
68
64
58
58
64
71
72
71
71
68
65
60
59
60
65
68
68
72
70
65
60
61
62
63
69
68
69
69
72
68
67
74
69
63
60
67
66
62
66
64
60
60
68
65
64
71
68
64
62
72
66
60
69
71
65
65
71
64
56
62
65
63
67
79
74
64
67
70
68
70
76
72
63
64
62
60
65
70
63
54
62
71
69
71
74
70
61
67
71
69
67
67
65
62
71
76
72
68
65
61
53
58
70
78
79
76
72
64
65
71
73
69
64
67
65
71
75
75
70
61
59
53
57
68
78
82
79
78
68
63
64
67
67
65
73
75
74
74
73
66
55
56
63
69
75
78
75
68
69
71
69
71
77
77
71
69
68
62
62
69
72
70
69
65
58
63
73
77
77
79
73
58
56
63
65
64
69
70
61
60
69
73
72
73
71
63
61
69
73
74
80
81
72
67
70
67
63
65
69
73
77
85
79
66
56
50
55
67
80
84
81
75
65
58
