79
84
74
66
74
78
74
79
79
67
62
69
68
59
69
77
71
66
71
69
61
72
78
70
61
66
62
54
69
76
69
64
73
71
65
73
74
67
64
72
69
65
79
80
74
72
78
67
56
72
75
72
77
87
71
60
73
69
60
66
77
65
57
70
66
55
62
76
63
60
75
73
62
69
81
67
59
73
69
56
63
74
66
60
74
68
51
61
77
74
68
71
76
63
60
75
74
68
65
64
59
56
66
72
70
70
67
59
61
71
71
63
58
57
54
56
71
78
70
60
58
55
55
70
79
74
67
67
64
59
67
73
72
71
74
71
65
70
75
70
64
63
60
58
65
68
61
56
54
55
58
64
64
63
67
67
64
60
61
58
56
63
69
70
71
74
67
57
56
56
58
72
87
85
76
74
70
65
66
70
66
65
74
71
63
64
68
64
63
72
72
65
69
73
66
60
66
66
56
60
72
71
66
69
75
66
60
68
68
64
65
68
67
64
72
75
71
70
68
65
62
68
73
71
73
72
70
69
71
68
60
63
64
61
58
62
62
56
64
74
75
75
78
74
63
61
65
71
77
83
79
63
57
58
62
65
68
71
75
78
81
81
80
79
71
67
71
77
80
81
78
66
