78
71
74
77
81
86
81
75
71
72
73
77
85
81
73
68
70
70
70
74
71
65
66
72
77
76
77
74
71
73
82
88
82
73
60
54
56
71
87
89
85
74
64
58
63
71
76
81
79
75
73
77
78
77
76
75
72
74
75
71
65
65
69
70
73
72
69
68
70
74
72
71
71
70
67
66
70
66
69
73
72
68
70
74
66
62
65
66
67
72
78
73
71
77
72
70
75
81
71
57
63
63
63
71
77
69
59
63
63
65
71
78
75
66
71
72
71
72
71
65
55
62
70
70
69
66
63
57
63
77
77
71
65
66
58
58
73
76
77
80
87
80
70
72
63
53
51
61
64
61
71
78
71
68
77
74
61
60
67
63
58
71
79
76
76
81
71
60
64
67
59
62
75
77
70
71
79
68
62
72
78
70
69
80
72
59
63
73
66
60
76
77
68
70
79
73
60
70
71
62
66
72
71
64
68
68
64
74
78
67
60
74
73
67
81
89
75
61
69
67
59
74
87
81
73
79
78
62
62
68
63
60
63
69
73
77
79
78
79
79
80
80
78
77
75
72
67
58
61
66
61
60
