87
72
66
72
71
64
75
81
69
64
72
75
67
73
72
56
50
58
63
63
78
83
70
68
72
66
57
65
71
66
71
78
68
57
62
61
54
62
76
74
70
76
72
59
62
68
62
62
68
68
64
71
77
73
74
74
65
54
57
65
72
79
77
75
67
65
65
65
68
66
66
63
59
62
68
73
70
70
66
58
59
70
78
76
78
77
67
64
68
69
65
69
72
64
61
70
75
72
71
72
64
59
65
71
72
74
75
67
60
59
54
54
61
69
68
68
73
70
68
69
66
59
58
60
57
57
65
68
63
66
71
68
65
67
69
62
65
72
69
63
65
69
65
66
72
73
70
68
68
63
63
62
59
60
59
59
61
69
75
72
66
61
56
54
62
68
69
66
64
62
63
65
64
62
60
60
61
69
76
79
76
73
69
64
63
64
65
66
68
68
65
65
65
64
62
63
67
70
71
67
63
58
56
56
57
62
69
75
76
73
65
58
55
58
62
64
65
67
73
77
75
69
65
64
61
63
69
76
76
73
67
59
55
56
61
63
64
65
63
63
65
67
64
62
62
62
63
66
69
68
64
65
70
71
69
69
68
68
72
75
77
75
70
66
61
62
63
64
67
72
73
71
69
68
65
58
58
62
67
69
67
63
58
57
62
68
72
72
71
68
68
68
65
64
64
65
68
70
71
66
