76
84
73
70
70
72
65
65
74
71
70
67
67
69
64
73
74
75
73
68
73
64
62
65
73
78
73
72
67
59
62
71
76
73
66
73
68
68
75
77
70
57
65
77
72
78
84
81
63
57
71
62
67
77
76
62
53
70
73
72
79
78
66
54
64
74
69
76
80
75
65
65
72
69
63
65
67
69
71
72
73
62
56
55
61
69
73
78
75
68
65
67
70
69
70
65
60
63
73
79
80
81
74
62
55
56
59
64
76
76
66
61
62
63
69
78
73
59
57
64
67
72
78
73
59
55
59
63
69
77
78
69
66
68
64
61
63
67
68
72
76
75
74
71
65
65
63
57
56
67
76
72
73
81
71
62
67
70
60
55
68
66
63
73
77
65
51
60
64
64
79
89
80
64
67
63
51
59
70
70
64
70
76
69
76
84
78
62
55
56
51
61
75
78
71
65
68
62
64
68
68
63
60
67
67
64
67
68
66
64
72
84
80
74
69
61
53
57
71
72
72
72
67
61
63
76
77
76
74
65
58
60
71
70
69
75
70
62
60
67
66
61
67
67
67
68
72
70
64
67
68
69
72
77
77
69
65
63
65
67
69
68
64
62
62
69
73
73
70
68
68
70
75
75
73
69
62
60
62
63
64
67
68
63
61
70
72
69
69
71
68
68
78
79
74
72
70
61
57
65
62
58
63
71
70
71
80
71
60
61
65
62
70
85
79
66
67
74
58
56
75
76
62
58
68
62
55
69
78
72
66
72
71
60
68
76
73
67
66
71
59
57
65
67
66
65
71
64
58
65
71
74
70
73
73
64
67
68
68
62
60
66
62
66
69
72
67
62
69
69
69
67
69
67
62
63
68
72
72
74
72
63
56
60
64
70
73
73
65
56
59
60
67
76
83
79
69
66
59
54
60
67
68
68
73
73
66
71
74
68
63
67
75
70
70
71
63
58
60
69
65
65
71
70
66
64
68
65
66
75
76
70
65
65
65
65
72
77
76
68
67
62
56
61
70
74
72
73
74
65
61
68
72
68
67
75
71
63
67
72
70
65
70
72
61
63
67
64
62
70
76
68
68
69
63
58
60
68
75
80
80
72
64
56
52
60
73
76
73
73
68
59
59
68
66
60
65
65
62
64
71
72
67
71
72
66
65
64
64
65
66
67
67
68
67
64
67
72
71
72
76
73
63
55
61
63
62
69
73
71
67
69
72
70
72
73
70
68
63
60
64
65
63
63
70
74
69
71
74
66
67
75
76
67
65
66
60
58
66
74
73
71
71
66
59
59
67
71
71
71
73
74
75
77
73
66
61
62
67
73
79
75
67
59
58
60
65
75
79
78
75
74
71
68
71
67
60
59
63
65
69
80
81
73
69
66
58
56
69
75
72
75
80
73
62
65
65
62
68
76
74
65
68
69
66
64
68
69
66
69
73
72
72
72
67
60
59
61
66
73
79
76
71
70
67
65
68
69
64
58
61
64
67
75
79
73
65
66
69
69
71
70
64
59
63
66
67
68
70
69
66
66
65
63
61
60
63
67
69
68
67
70
68
69
72
75
71
66
65
