73
78
78
80
70
66
74
66
71
80
84
73
64
72
66
70
83
88
77
66
71
69
63
75
81
73
65
70
76
65
74
81
72
65
71
77
65
71
79
73
69
75
82
74
73
78
72
68
68
70
72
77
85
80
79
77
69
66
65
73
75
80
78
66
67
66
71
73
79
78
63
64
60
63
66
75
78
63
68
69
71
73
79
78
58
57
63
66
68
78
82
65
66
76
75
70
75
77
61
58
72
76
73
80
82
62
55
67
70
64
68
71
58
58
74
79
73
74
77
62
56
68
70
62
63
72
59
52
72
79
69
65
76
69
58
73
77
67
64
75
71
60
74
83
73
67
77
75
61
68
73
61
54
65
73
66
71
77
67
58
62
68
62
66
73
71
65
68
78
75
71
72
67
60
60
70
71
69
71
69
69
73
80
77
70
68
62
63
68
73
73
74
77
71
71
76
76
72
74
77
67
62
66
65
61
67
72
68
66
69
67
61
68
75
74
74
75
74
69
75
80
74
65
66
65
62
69
77
77
72
72
75
73
76
81
81
72
64
60
61
68
75
77
71
70
67
68
77
79
73
65
66
63
60
70
76
74
73
71
69
67
66
65
66
70
63
67
77
80
71
68
78
77
76
77
77
70
63
63
64
64
63
62
66
69
71
69
70
74
74
75
73
67
61
58
62
72
76
73
71
69
65
59
67
76
78
78
78
73
68
65
62
63
67
67
66
