80
72
74
70
67
80
88
73
65
70
70
67
76
77
64
60
67
67
67
76
77
68
66
74
75
73
72
68
58
60
70
73
70
68
65
64
73
85
85
80
74
65
61
70
80
79
78
74
66
65
75
78
72
73
75
72
75
81
75
63
61
64
65
73
81
73
61
58
62
66
78
88
80
66
62
63
63
71
75
67
59
60
64
69
73
76
70
69
73
77
76
72
70
65
65
70
77
77
72
67
62
65
71
76
71
63
57
53
58
69
76
70
61
58
59
64
72
75
69
63
62
65
70
76
75
67
62
63
67
75
78
75
68
63
61
69
79
77
69
65
62
60
69
82
79
73
70
61
51
56
67
63
61
69
70
64
70
77
63
59
69
72
70
74
77
63
59
68
65
64
73
77
59
56
69
73
74
77
77
63
64
77
79
78
79
79
66
63
71
72
70
69
73
67
62
66
69
66
59
61
63
64
68
72
70
63
66
74
78
80
81
82
84
86
81
77
72
67
63
58
56
63
66
76
85
83
70
64
67
67
72
79
80
73
71
77
75
73
72
67
57
57
65
69
69
72
71
66
68
74
75
74
76
75
72
74
79
76
73
75
74
71
75
80
75
70
71
69
66
72
79
71
64
66
67
65
69
73
64
60
66
68
66
70
76
70
73
81
82
77
76
72
56
56
67
71
74
83
86
70
65
70
67
63
68
76
66
63
71
71
67
66
69
64
64
73
75
74
75
74
69
64
68
70
75
78
75
66
61
65
68
74
76
75
69
65
69
70
73
75
71
64
59
64
67
67
67
63
57
55
67
73
73
72
70
68
64
71
74
73
71
70
70
69
69
68
67
67
68
69
70
70
67
61
59
59
59
61
