81
77
72
68
81
82
81
80
70
64
64
78
77
75
78
70
65
64
77
77
75
79
75
70
70
81
72
63
67
69
68
71
83
78
67
68
71
69
70
80
79
76
79
81
72
68
73
69
68
74
80
74
68
70
68
70
75
82
75
69
69
64
67
75
82
73
72
74
67
66
69
72
65
68
78
77
76
75
73
56
52
60
66
73
81
83
67
62
64
67
70
73
77
68
72
78
80
78
71
67
56
60
68
80
84
79
75
63
61
62
71
73
69
69
63
63
65
72
71
66
70
66
66
70
73
68
61
68
69
72
81
78
67
56
60
60
64
82
87
81
72
72
68
62
69
70
73
74
67
71
66
66
63
61
67
65
72
70
69
67
63
64
61
67
69
69
70
71
72
71
76
74
71
72
74
70
64
68
67
66
76
85
83
75
72
69
61
70
77
73
69
72
74
65
71
75
64
56
60
69
65
73
82
74
61
58
69
69
80
85
79
71
68
64
61
58
71
70
76
84
80
73
66
77
80
78
81
72
62
57
68
77
79
85
79
65
56
63
72
71
76
73
62
56
68
78
72
71
70
67
71
82
87
81
80
72
66
69
74
72
65
73
76
75
76
79
73
66
71
69
64
65
69
65
64
74
74
71
69
66
61
59
59
61
64
69
74
78
80
81
79
78
76
75
80
76
64
66
81
76
69
75
76
67
66
80
74
66
70
72
68
65
78
75
67
69
65
63
68
80
70
60
65
66
65
72
86
76
67
72
69
63
68
79
67
64
80
80
71
71
80
63
53
72
77
70
71
79
64
51
65
72
68
69
76
67
63
75
77
69
68
70
62
66
82
77
66
67
72
64
69
85
83
70
68
71
60
59
70
72
65
68
74
67
68
73
74
69
71
78
71
71
73
72
69
71
73
68
70
74
66
62
68
71
66
68
76
72
74
77
74
63
60
65
65
74
86
86
76
69
70
59
59
71
76
70
63
67
65
63
70
72
68
65
72
76
78
84
85
76
62
67
69
68
73
74
70
59
62
70
74
79
77
71
62
63
73
78
82
79
77
70
66
67
67
66
59
58
61
69
74
74
72
64
62
62
70
76
77
76
68
65
68
74
76
77
80
78
76
77
78
71
65
64
65
67
73
79
77
70
71
71
67
67
77
80
71
70
70
65
61
69
78
72
75
77
75
70
71
75
64
65
67
69
67
68
74
70
76
80
82
79
76
78
66
66
65
72
75
75
84
77
76
70
70
67
61
69
69
70
68
74
71
59
69
74
72
71
80
80
68
74
76
71
67
70
69
61
74
80
75
71
74
71
65
78
84
78
77
77
69
64
76
85
82
85
87
72
60
69
78
69
73
82
70
58
67
79
67
71
84
75
64
69
83
72
70
80
72
61
63
77
74
70
79
75
67
67
73
68
68
75
68
67
71
75
74
74
88
84
80
83
83
71
65
74
69
65
72
79
72
72
81
72
62
65
73
64
65
77
74
65
69
82
71
66
79
79
67
67
82
76
66
75
80
68
62
72
67
60
71
82
77
75
85
79
69
71
73
67
71
85
82
78
84
83
70
64
67
57
59
75
77
66
66
74
63
59
68
69
67
