78
69
73
82
78
69
67
68
72
63
76
79
74
74
70
74
65
66
75
74
75
70
63
72
65
70
75
80
78
64
69
69
59
64
72
76
67
66
82
74
72
78
78
67
58
66
75
72
77
77
69
62
62
69
69
74
74
69
67
68
70
70
76
76
72
71
72
71
69
72
70
70
77
77
68
58
58
58
62
75
80
76
69
65
58
60
75
77
69
64
63
57
61
75
75
70
71
75
65
60
70
67
61
64
74
71
69
77
68
55
57
70
73
70
77
74
67
65
71
66
56
62
65
61
62
73
73
62
68
76
71
67
76
80
66
66
71
63
53
60
68
53
58
77
78
72
73
80
62
53
68
70
67
69
74
73
62
73
72
69
70
66
67
63
64
65
66
71
67
63
72
66
66
72
76
71
62
70
67
62
76
81
70
57
61
66
56
68
77
71
62
65
72
59
65
73
73
68
68
77
71
65
68
73
71
66
69
74
62
61
69
70
59
53
69
66
69
82
89
80
63
70
66
59
69
76
74
62
61
69
59
65
73
69
62
60
66
67
75
84
77
63
61
67
68
67
77
78
71
66
66
72
63
66
67
66
66
61
74
73
66
67
71
72
62
70
74
67
66
72
75
61
60
70
66
67
76
82
69
63
73
68
66
74
80
64
52
61
64
64
78
88
75
60
63
68
59
67
78
70
59
63
74
66
68
77
72
64
66
73
63
62
69
68
65
68
71
64
60
70
75
74
75
78
67
57
56
56
57
61
67
66
66
69
64
58
65
75
78
74
68
61
52
55
68
78
79
76
71
58
55
63
67
62
60
69
68
73
78
78
72
66
67
64
68
73
69
61
54
59
64
74
80
74
64
60
64
68
75
75
67
58
57
61
67
77
78
72
66
64
62
62
68
68
66
69
74
73
70
72
69
63
62
69
71
68
68
67
67
70
79
81
76
72
66
59
55
62
67
70
73
74
74
74
74
73
72
72
73
76
75
68
62
59
62
69
76
78
74
68
65
63
64
67
70
72
71
73
78
79
77
71
68
65
64
65
66
68
69
66
60
59
68
78
83
80
70
62
65
65
60
64
73
72
66
71
72
65
64
71
68
60
68
74
65
60
67
66
61
69
78
77
71
74
68
59
59
59
64
71
76
74
72
73
63
52
52
56
57
68
77
72
70
75
74
69
73
73
60
53
56
57
59
70
78
71
66
66
60
59
68
72
63
59
62
62
62
70
75
71
70
71
65
60
66
67
60
60
66
67
66
70
69
64
59
59
60
67
73
73
69
70
67
64
70
75
73
69
71
66
64
69
71
64
63
71
65
65
75
80
70
63
69
65
66
75
78
72
68
77
70
69
74
69
57
55
65
64
70
79
78
68
69
77
68
68
75
73
62
63
74
68
66
73
75
71
73
75
70
68
72
71
65
69
74
70
69
71
70
65
68
70
65
66
71
71
70
77
75
68
69
69
67
66
74
77
78
81
79
72
67
70
64
59
67
72
70
66
70
67
63
69
75
74
73
80
76
69
69
68
64
60
67
68
66
71
69
60
55
63
65
69
77
78
74
74
78
67
62
65
62
59
62
73
68
62
65
