86
78
72
74
76
79
86
79
69
63
67
74
80
89
85
75
65
62
62
66
77
80
77
71
65
59
59
69
75
75
75
80
80
77
77
74
66
59
61
67
75
82
83
75
70
70
71
74
78
81
80
82
82
81
77
72
68
62
62
67
75
79
76
74
68
67
66
71
74
73
71
66
66
63
69
74
75
75
72
72
69
72
72
76
75
68
65
67
71
69
73
74
65
59
66
73
72
78
80
69
63
69
70
64
70
79
72
65
70
71
64
69
73
63
58
66
69
63
71
78
66
58
67
72
67
74
82
72
62
66
73
73
77
78
69
65
66
64
62
70
75
66
66
69
66
63
72
78
69
67
70
66
67
77
81
70
67
67
55
52
64
74
71
69
71
59
56
70
78
78
80
80
73
67
71
72
71
71
68
64
63
69
70
72
72
66
68
72
70
69
75
75
65
65
79
76
66
72
75
65
61
68
70
65
76
83
76
72
70
63
65
72
72
72
72
73
74
75
76
77
78
78
76
69
65
71
73
69
70
70
66
68
71
67
73
76
71
65
69
71
66
72
81
78
73
78
80
76
78
78
72
63
67
72
76
87
87
78
69
68
64
63
66
69
74
81
82
74
72
69
69
75
