81
83
77
58
62
71
75
69
75
74
59
63
81
80
72
78
80
64
58
70
75
64
73
79
68
63
75
83
66
68
76
68
66
75
80
64
64
72
70
72
79
82
69
68
72
68
67
70
70
64
70
77
80
82
79
68
55
61
68
71
77
81
77
65
65
72
72
71
73
70
58
56
70
70
65
68
74
66
67
86
86
77
75
75
60
55
76
81
68
65
69
60
60
81
84
66
60
62
58
63
80
82
71
70
73
72
73
79
72
62
55
53
57
67
80
77
73
73
65
65
73
79
68
61
67
66
65
71
76
69
61
66
76
72
69
71
69
64
63
70
71
65
67
71
75
79
79
71
65
58
56
64
71
77
73
68
69
69
72
74
78
72
64
65
67
69
70
77
76
68
64
65
70
72
73
65
59
62
70
78
78
76
68
61
61
65
74
79
80
72
60
54
56
68
76
76
68
61
64
71
77
81
80
72
63
62
62
64
69
72
69
68
73
74
67
65
69
66
66
70
71
66
68
70
63
62
70
73
64
65
69
68
71
76
77
66
58
61
64
70
73
73
71
66
69
71
75
74
69
67
68
69
70
73
69
59
53
58
66
71
78
79
73
66
66
75
77
78
76
70
61
59
68
71
72
71
70
70
70
70
69
66
64
70
73
73
72
72
69
71
74
73
72
71
69
67
67
67
63
68
73
71
66
64
64
63
75
86
81
68
62
57
52
63
70
67
67
75
78
76
85
88
76
66
67
61
56
67
73
67
65
68
63
60
74
83
73
70
73
64
58
69
79
75
72
79
72
64
66
71
64
60
67
65
69
78
82
74
67
77
73
66
69
72
66
61
70
75
74
82
86
76
64
64
62
58
70
80
77
70
77
78
67
69
74
68
56
56
66
64
71
83
85
75
69
73
60
50
58
65
61
56
70
81
72
79
87
81
65
60
66
58
66
80
86
78
71
71
55
56
66
70
66
69
82
74
71
75
70
56
55
66
64
69
81
83
71
67
75
62
58
69
73
64
64
78
74
65
74
75
62
54
65
69
65
76
80
69
62
65
68
61
70
78
74
66
64
68
61
62
66
62
61
61
70
76
78
79
75
72
65
60
68
72
71
68
66
61
56
64
71
72
76
81
77
64
65
66
64
65
72
75
69
70
68
59
52
55
62
68
80
85
80
72
66
59
54
65
76
78
76
73
66
56
62
71
75
79
80
76
70
69
69
68
68
69
65
61
69
68
63
65
69
74
73
81
85
73
63
58
61
63
71
84
89
80
70
66
58
53
58
69
79
78
83
85
76
70
69
69
65
68
74
74
72
68
62
57
63
74
81
87
84
71
59
58
66
76
84
84
73
61
56
56
66
76
79
74
73
72
67
69
72
72
70
74
77
76
79
78
70
58
59
65
70
79
81
76
67
68
73
79
84
82
74
66
61
60
64
70
71
69
70
72
71
74
75
71
66
69
75
78
79
74
63
54
52
60
72
81
84
83
81
73
65
66
70
70
72
79
78
76
76
76
69
62
67
71
71
74
75
71
70
78
81
80
75
66
54
52
61
70
79
84
79
67
61
61
63
67
71
74
72
70
70
69
