79
82
79
73
68
67
69
67
74
77
78
77
75
70
59
64
68
72
73
77
82
72
70
69
67
66
67
75
74
75
73
72
69
68
74
76
74
70
76
77
71
70
70
68
61
67
72
71
73
78
80
69
77
84
80
76
73
73
56
61
72
74
76
76
85
67
61
70
72
68
61
68
63
62
73
75
72
65
74
72
67
76
78
74
64
67
69
62
64
70
72
66
68
70
66
67
73
74
63
60
65
69
68
71
77
74
71
76
76
74
74
74
66
62
67
68
66
64
65
62
63
72
75
75
72
71
66
64
68
65
72
74
76
70
68
69
61
72
76
77
76
77
76
59
60
65
67
65
65
69
62
67
78
78
70
69
70
54
55
69
73
71
73
80
68
63
71
71
66
67
71
62
63
72
71
67
68
71
62
66
84
82
75
72
69
62
62
79
81
76
73
70
60
56
70
75
76
79
78
66
57
66
65
62
67
73
70
64
74
74
71
75
84
79
70
73
67
64
68
77
72
59
64
65
62
65
78
81
70
76
77
69
65
72
71
60
64
73
74
72
82
82
71
70
69
62
56
62
62
57
65
74
78
79
79
79
76
76
69
59
66
78
85
80
76
65
58
67
75
75
68
68
64
60
70
75
72
68
66
65
65
65
69
68
58
64
78
80
66
62
65
67
80
89
85
72
64
55
56
73
82
77
67
65
60
57
72
80
74
64
65
63
66
80
79
68
59
64
67
67
79
82
68
57
61
66
68
74
78
70
61
65
71
73
71
71
67
59
64
71
76
78
75
67
66
78
77
71
70
69
69
68
67
60
57
65
69
70
74
80
77
79
82
70
64
67
68
64
72
83
75
67
69
72
72
71
69
67
64
69
73
75
77
78
68
61
66
67
