77
83
80
65
68
81
78
68
76
75
64
69
82
80
68
72
73
58
63
80
79
66
71
82
68
68
79
74
59
62
73
70
75
87
85
67
60
63
63
70
81
84
75
71
71
71
73
74
72
65
63
66
68
73
79
80
77
71
66
65
64
69
73
80
79
78
83
76
72
68
67
64
63
71
67
66
65
67
67
71
78
69
64
64
63
65
75
82
75
67
67
64
60
72
79
70
62
66
63
59
67
77
73
69
77
74
65
61
65
65
65
76
78
72
70
68
65
62
68
68
65
64
62
63
70
76
75
71
66
57
50
57
71
77
73
73
70
67
69
75
78
75
73
70
66
64
65
68
65
62
63
62
61
66
76
77
72
72
69
60
56
60
64
65
73
82
75
66
64
63
58
62
75
75
70
69
72
72
70
73
67
60
57
61
67
72
79
76
71
64
61
65
69
73
71
64
53
52
66
78
83
79
76
64
54
58
66
71
68
69
71
67
68
76
80
74
66
64
68
71
78
83
79
68
62
62
72
77
74
67
60
59
56
61
73
78
74
72
76
75
70
73
76
72
68
74
73
66
65
69
68
65
72
76
75
74
72
70
68
67
66
65
69
69
65
67
69
68
70
76
73
64
62
64
65
70
77
73
64
64
67
68
69
69
70
72
74
77
83
77
68
69
70
67
71
83
83
74
71
67
62
66
76
73
69
71
70
65
68
79
78
71
70
66
60
63
73
72
66
66
64
58
62
72
74
71
76
78
75
75
74
68
65
64
61
64
66
64
66
67
65
63
69
75
78
80
77
69
62
67
72
72
74
69
59
51
56
60
57
63
69
69
69
78
80
70
70
72
71
71
79
79
70
71
68
61
60
70
72
60
61
65
66
70
78
80
63
59
58
58
63
73
79
69
66
66
65
69
73
71
56
53
57
62
72
81
84
71
67
64
62
72
84
87
76
73
69
58
57
65
67
57
58
65
60
66
76
80
71
69
76
65
66
73
74
65
63
72
67
69
77
78
71
66
71
59
55
65
74
74
75
88
82
73
71
71
68
63
72
72
71
71
69
65
58
63
65
63
70
77
76
69
72
71
59
58
65
66
64
74
78
67
64
66
63
61
72
80
77
79
80
69
56
57
56
52
63
74
73
70
74
69
62
67
71
64
61
71
71
68
76
79
69
60
65
62
60
71
77
71
66
66
58
59
72
77
70
72
79
72
71
77
72
57
51
53
54
64
77
78
69
66
62
57
65
72
69
65
71
73
71
76
78
74
70
73
72
66
69
71
68
65
71
76
78
82
83
72
61
56
58
60
65
69
66
63
63
67
64
63
66
68
68
72
81
79
75
76
77
73
72
78
78
79
83
83
78
77
76
70
69
72
71
64
66
68
64
65
70
70
67
68
65
59
61
66
66
69
75
73
70
73
75
67
66
68
68
69
71
70
73
77
73
