69
70
72
73
84
89
83
60
58
70
71
78
84
85
69
64
72
74
77
80
81
70
66
71
73
75
77
77
70
69
65
63
69
76
81
76
75
84
73
69
77
82
77
75
85
74
65
71
75
73
74
76
64
63
76
80
71
68
76
71
70
82
83
72
65
70
67
66
79
79
68
63
67
69
71
82
78
65
60
61
67
75
87
85
74
67
60
63
71
82
77
66
60
56
60
73
87
82
71
67
64
65
68
79
81
74
63
69
73
69
75
76
68
54
59
63
58
65
72
71
62
73
78
62
67
74
70
60
66
80
67
66
79
81
73
70
81
64
59
72
77
72
65
79
75
67
79
82
75
59
56
67
56
66
76
78
65
57
74
68
72
78
78
63
52
68
68
72
79
82
72
57
68
72
76
78
73
62
57
73
80
81
82
78
66
63
71
69
69
74
76
69
67
77
72
64
67
70
61
54
69
70
64
75
83
76
64
68
69
64
75
87
87
77
78
70
61
65
71
76
76
82
70
59
67
76
70
65
78
81
79
81
82
71
60
66
69
68
73
79
75
60
56
60
62
74
82
76
68
66
68
69
77
83
76
72
76
80
80
82
83
75
69
67
67
67
70
75
71
69
68
70
68
65
73
76
78
73
72
73
66
65
69
77
77
75
72
65
66
66
65
65
65
65
65
65
67
68
68
71
79
76
73
76
82
77
74
81
80
75
72
77
76
68
66
66
66
64
66
65
65
64
63
63
65
68
72
73
73
73
74
74
70
66
65
66
72
