83
85
81
69
61
75
82
77
79
80
75
67
79
86
75
72
73
67
56
66
81
76
76
79
71
58
61
75
70
72
80
77
66
62
72
69
67
74
77
72
66
74
77
73
74
79
78
69
76
87
82
79
82
77
64
67
79
74
69
76
75
61
62
75
65
56
70
75
67
70
84
72
57
72
77
68
67
81
73
57
70
74
66
64
75
74
66
73
74
70
70
77
73
67
74
75
71
71
77
77
73
78
76
70
66
64
62
60
67
69
69
68
67
68
70
75
73
73
70
65
64
64
67
69
73
70
62
63
67
71
76
84
83
74
69
72
65
67
78
80
73
67
75
68
63
68
69
62
54
67
73
73
78
76
69
54
59
67
65
74
78
76
59
57
73
64
67
74
77
64
63
84
75
72
76
81
70
62
85
81
74
76
79
68
60
80
82
73
75
78
67
58
72
80
70
69
72
67
60
71
82
79
77
79
77
68
71
76
71
65
63
65
64
73
83
82
76
70
69
61
67
80
84
80
74
77
73
75
80
78
71
61
61
61
67
77
80
76
67
67
68
73
76
76
77
74
74
74
74
74
68
64
63
65
69
73
79
77
71
72
73
74
73
75
73
68
73
78
80
78
73
67
61
61
68
79
83
78
69
62
59
61
66
68
69
71
73
75
79
83
78
72
68
66
66
69
75
73
72
72
69
65
64
66
68
71
74
73
73
77
77
71
74
74
66
62
69
76
71
74
76
66
54
59
66
61
66
76
74
63
68
77
72
71
74
74
63
65
74
69
68
72
76
68
70
75
68
64
64
68
64
67
74
73
72
69
69
66
70
75
72
72
75
78
72
75
75
65
63
67
74
70
75
83
74
67
65
67
62
66
75
74
72
71
74
71
71
76
71
63
61
68
72
75
75
71
70
68
72
77
79
78
71
71
66
62
67
73
70
65
71
70
65
73
80
78
73
79
78
68
72
75
70
65
72
72
63
65
69
68
70
80
82
74
75
76
75
79
84
81
73
72
72
70
70
68
62
60
63
66
71
77
77
71
71
68
60
62
70
75
74
78
77
67
68
74
71
64
69
72
66
70
77
70
58
63
66
62
68
79
79
71
74
73
66
70
80
81
78
84
84
76
74
78
73
65
63
60
56
59
72
76
72
72
71
69
71
78
79
78
80
79
75
69
69
69
70
71
65
66
67
69
76
82
80
69
68
71
67
69
75
76
69
66
66
65
67
74
78
75
73
70
68
69
71
71
66
66
67
67
70
74
73
68
66
71
73
75
78
76
71
68
70
73
72
72
69
66
65
63
65
70
78
78
81
84
81
76
75
75
69
69
75
75
71
69
70
70
76
84
83
75
72
70
64
68
78
81
73
68
68
64
69
79
80
72
67
66
62
63
73
77
74
72
70
66
65
72
75
73
73
68
61
58
62
64
67
73
72
67
71
71
70
73
79
75
66
66
67
65
69
80
80
69
66
65
63
69
78
74
68
73
75
68
72
78
72
64
68
78
72
71
77
73
66
64
76
82
72
74
72
69
63
65
75
72
72
72
75
73
70
73
77
74
71
72
68
59
56
