84
80
72
72
69
67
75
79
73
67
68
68
65
71
76
72
66
71
71
67
76
85
79
71
71
64
57
67
81
78
72
77
72
64
69
75
69
67
77
76
70
78
87
79
72
78
74
65
70
81
76
67
70
68
65
73
82
73
65
73
72
65
71
82
75
67
75
74
66
72
81
72
61
66
68
65
74
84
78
70
71
65
58
67
78
72
72
82
77
67
71
75
64
62
73
74
72
78
79
68
65
72
71
75
85
87
70
58
60
60
65
77
84
76
67
70
67
69
76
79
74
66
67
68
70
73
68
62
63
69
73
76
75
67
61
69
76
79
80
81
75
68
70
73
72
72
76
71
64
65
68
71
69
74
71
66
67
69
71
67
72
71
70
72
70
69
65
69
69
68
68
62
58
55
64
71
78
83
77
68
58
61
64
72
78
78
78
72
74
74
76
72
65
63
55
58
68
78
70
56
56
51
57
70
80
73
65
73
68
64
70
76
67
56
66
64
67
78
86
70
53
60
55
58
75
87
77
67
80
70
62
72
81
69
60
80
79
70
78
86
71
57
70
66
51
57
71
63
54
66
71
58
64
79
74
66
75
79
70
68
79
74
63
65
62
60
58
67
68
67
74
69
71
70
76
75
74
79
70
68
65
69
69
68
75
70
74
75
75
69
64
67
64
66
68
69
66
62
66
66
72
71
69
67
65
70
71
77
79
76
77
73
70
66
68
63
58
60
62
67
75
83
81
72
70
70
69
74
84
82
78
75
72
70
70
69
60
59
69
72
67
65
68
64
68
76
76
70
69
72
63
65
74
75
71
69
73
66
71
80
74
64
63
71
66
71
80
75
66
67
77
71
78
89
83
68
60
65
59
64
74
70
60
58
68
68
70
74
70
59
56
64
68
73
77
77
72
66
68
67
67
65
63
66
64
65
71
75
74
74
80
74
64
65
68
65
64
72
69
62
63
66
64
63
70
68
65
68
72
72
73
78
72
63
63
64
65
66
73
69
63
67
70
67
64
70
67
61
68
76
75
68
70
66
59
62
68
69
65
69
67
60
64
65
61
58
65
68
65
72
77
72
65
69
68
64
71
77
70
61
66
71
66
70
74
67
58
67
75
73
80
83
73
63
70
75
69
74
77
69
58
66
75
71
77
78
69
58
62
68
68
78
82
73
63
67
71
68
73
75
70
65
67
70
70
75
73
65
63
71
71
70
73
69
60
60
68
70
69
70
64
58
63
71
75
77
78
72
65
67
74
80
83
86
81
74
70
71
73
73
73
70
67
65
69
70
68
67
66
64
62
65
66
65
68
71
73
70
72
71
67
69
70
67
61
64
62
58
62
70
72
72
76
76
72
74
76
71
65
65
65
62
67
70
67
70
73
71
66
69
71
65
66
68
65
61
66
68
65
65
66
64
61
66
68
64
68
69
71
71
77
79
71
70
65
59
54
59
65
63
71
74
71
69
72
72
62
63
60
57
61
71
76
73
80
77
69
67
71
69
59
63
63
58
58
67
69
61
69
71
67
69
79
78
71
78
78
68
68
75
72
61
69
72
60
60
69
66
58
68
75
66
