77
74
68
63
73
84
79
72
73
72
70
82
87
78
68
67
66
65
76
75
66
64
69
68
68
79
78
71
68
67
67
76
89
81
66
62
63
61
67
75
71
69
75
75
73
79
82
70
72
82
81
76
76
74
59
58
68
72
74
77
78
64
64
73
76
76
74
79
73
76
82
84
81
71
72
68
70
76
81
76
61
59
66
72
76
80
76
66
64
75
81
83
86
81
70
66
77
83
78
73
69
64
64
76
78
73
68
62
53
53
67
73
74
75
77
74
68
76
78
74
70
70
69
68
78
80
72
67
70
70
67
72
73
70
71
76
78
79
83
81
70
64
63
62
61
69
75
69
69
73
74
66
67
69
63
63
68
70
68
71
73
67
69
76
77
69
68
70
66
69
77
80
75
72
65
56
58
66
70
69
69
64
61
64
69
71
73
76
75
74
72
69
61
58
58
59
70
81
82
76
74
72
65
66
74
78
73
75
75
67
61
63
65
59
60
66
67
70
71
68
60
59
69
74
78
80
82
75
67
67
65
65
64
69
74
71
75
78
78
73
65
62
59
65
71
77
77
73
70
65
65
67
69
70
70
68
68
73
74
77
82
80
72
62
60
60
60
67
72
76
76
74
73
68
61
58
64
71
74
74
80
82
73
70
73
76
75
75
77
76
74
72
68
63
61
60
58
62
63
66
69
73
73
68
71
70
68
71
80
84
83
86
83
77
72
68
66
64
66
61
57
63
67
68
69
75
72
67
71
75
76
77
83
79
71
71
73
75
78
85
84
75
72
68
65
65
70
73
71
71
73
74
76
80
82
83
83
82
83
83
82
78
78
77
74
71
70
67
67
76
79
76
75
75
71
67
73
75
72
72
74
71
70
75
73
65
63
64
61
64
73
74
72
72
72
73
79
84
77
73
73
70
67
69
71
70
71
73
72
70
69
65
59
61
64
69
78
84
80
73
71
67
65
71
77
75
71
71
69
66
68
73
71
68
69
71
72
73
74
68
65
64
63
63
65
67
71
73
73
74
76
77
75
76
73
64
64
66
68
68
65
65
61
56
61
70
75
73
69
67
68
69
76
83
83
75
65
62
58
61
68
75
74
70
70
64
61
68
76
76
72
72
73
70
65
69
70
66
63
60
63
68
70
74
79
84
78
64
58
63
58
55
68
72
68
67
69
74
78
86
82
73
69
67
65
66
75
74
68
66
61
57
60
71
76
79
81
78
70
61
62
63
63
65
64
67
76
80
79
79
75
66
58
59
69
74
82
86
82
71
64
61
58
64
72
74
75
76
75
73
71
72
70
66
67
67
70
76
73
67
67
72
71
69
71
75
71
68
70
68
64
63
65
69
75
79
76
72
69
69
71
79
86
86
83
76
68
64
66
71
73
77
79
73
63
58
58
60
65
71
76
77
78
77
73
69
68
67
64
65
70
73
72
74
79
80
77
71
67
65
68
74
80
82
79
73
68
67
68
66
68
71
74
76
78
79
75
68
66
65
63
65
72
77
77
76
72
62
54
55
61
68
76
80
80
78
77
75
71
69
66
67
71
74
77
79
78
76
77
82
80
76
73
68
63
