84
71
61
66
69
71
73
73
73
75
78
74
72
71
69
70
73
75
70
68
68
69
77
77
72
69
70
67
63
71
69
62
65
72
72
72
83
80
73
75
78
73
67
69
63
58
68
77
76
74
74
69
67
72
73
71
73
70
69
73
75
71
68
68
58
57
73
75
65
66
69
58
61
78
78
67
70
76
60
61
75
69
53
55
63
54
60
79
77
66
66
71
63
69
78
68
60
64
73
69
73
79
66
55
56
60
61
71
76
63
56
61
66
68
72
71
58
55
63
69
76
82
78
59
51
57
59
64
74
75
62
60
70
69
65
66
63
54
58
74
77
73
76
74
60
55
66
75
69
70
69
63
60
61
68
63
63
65
64
67
75
84
77
69
67
63
58
60
71
69
63
65
67
68
73
81
73
62
63
63
60
61
74
77
74
76
76
67
58
60
62
58
58
62
64
61
67
74
73
72
70
66
61
61
68
73
77
78
72
67
67
69
68
71
75
68
65
69
74
70
70
74
63
57
64
75
73
71
79
74
70
74
78
69
61
64
54
52
66
79
75
71
81
72
68
76
78
65
58
70
66
62
74
79
67
59
70
75
71
80
83
68
55
53
60
57
68
80
73
68
72
77
67
63
69
63
61
67
73
71
65
71
70
70
70
64
62
59
66
68
72
78
78
78
75
76
72
72
70
56
54
57
61
67
75
76
62
59
67
67
69
70
68
59
61
74
71
73
76
71
58
55
66
62
64
74
69
59
59
69
64
59
67
66
61
63
74
75
66
68
66
59
57
67
76
69
67
66
63
60
62
66
53
50
56
65
67
73
82
77
73
69
66
62
61
62
57
58
72
70
65
65
70
67
61
67
62
56
56
65
73
73
76
76
73
68
68
69
64
61
59
61
65
70
74
71
68
63
62
64
69
75
77
74
65
60
61
62
63
65
72
77
73
72
70
65
69
78
79
68
62
64
64
71
84
89
80
72
74
71
68
73
73
63
59
66
70
70
71
69
60
58
63
67
71
72
69
66
72
79
82
81
77
64
55
61
73
83
89
86
72
60
60
63
65
68
73
76
78
80
78
71
62
56
57
60
66
73
75
75
73
75
72
67
63
59
55
55
64
70
71
71
69
65
59
60
60
63
69
71
69
64
65
63
61
62
61
59
59
63
60
57
59
61
60
62
68
75
72
69
67
64
58
53
57
59
58
62
67
69
70
75
73
68
68
70
67
62
66
66
63
68
74
71
64
67
67
63
60
58
53
53
67
77
78
75
70
61
52
55
62
68
74
77
73
70
76
80
76
69
64
56
54
62
73
73
65
62
58
57
60
69
77
79
80
77
74
70
70
72
71
69
67
70
73
75
75
70
66
62
65
71
79
85
85
78
69
65
61
61
67
70
69
70
72
66
63
70
75
74
73
73
65
57
62
67
68
69
70
73
81
85
75
64
63
62
63
67
70
70
71
76
75
74
73
66
62
64
70
71
75
78
71
63
64
72
72
74
79
80
74
66
66
62
60
62
67
70
69
72
73
72
68
70
72
73
77
78
75
66
64
59
59
66
74
79
74
75
68
58
58
65
69
67
73
82
84
77
