89
82
70
60
56
64
65
73
73
73
72
72
77
68
67
67
64
62
63
73
67
68
73
69
64
63
69
61
58
64
64
64
65
72
68
65
72
72
72
72
71
65
63
69
67
68
75
73
65
66
71
66
64
72
68
61
66
71
62
58
73
70
60
69
74
63
56
69
65
52
63
70
62
57
71
75
63
69
71
59
53
62
68
60
69
75
68
61
65
69
60
63
67
61
57
59
65
64
64
68
64
62
61
64
63
56
62
67
69
64
59
66
64
63
67
72
68
58
64
64
55
56
63
60
51
61
72
67
69
74
67
54
53
65
61
66
74
70
62
61
71
64
67
74
70
64
60
68
62
56
61
59
55
57
68
74
67
68
68
62
51
52
62
60
62
71
72
67
64
66
63
61
73
75
67
60
63
66
60
68
71
68
63
62
68
63
70
72
70
65
59
66
63
67
69
67
63
54
62
68
68
65
66
68
59
64
73
67
61
62
65
58
60
74
71
64
67
71
66
63
73
72
61
62
66
64
64
75
77
67
68
69
63
59
68
72
65
70
73
66
61
66
68
61
69
76
74
69
70
67
53
50
53
58
70
69
68
66
60
57
56
51
