84
85
78
69
73
73
73
83
78
68
59
65
70
67
84
84
74
69
67
63
53
64
73
69
77
84
82
66
63
72
64
70
77
77
71
67
69
57
63
72
75
76
75
78
74
78
86
84
77
73
73
69
69
74
72
67
64
65
70
74
82
81
74
62
59
62
61
68
74
76
69
66
68
66
68
73
77
76
77
81
74
66
67
66
57
55
65
74
75
80
79
63
52
60
71
75
83
84
68
58
58
66
66
74
81
73
66
64
69
67
68
70
62
63
67
75
78
74
68
60
59
58
66
78
82
76
69
70
64
62
66
70
71
69
77
75
68
66
62
56
55
71
82
86
87
79
64
55
63
66
67
72
72
63
56
65
71
70
70
69
67
66
74
78
74
69
64
61
59
69
76
77
76
68
63
63
69
71
72
75
69
65
67
71
68
69
77
76
73
76
80
75
72
73
61
52
60
72
75
75
78
70
61
64
68
69
73
81
76
65
66
64
59
64
75
78
74
77
78
65
60
65
68
66
65
71
68
66
73
76
74
67
66
70
68
72
74
73
66
63
70
68
62
64
73
73
72
79
75
65
61
68
67
65
70
70
74
78
80
71
65
70
66
67
74
74
64
61
69
64
67
82
85
67
59
65
56
57
78
89
73
59
68
62
55
70
84
79
70
77
71
59
64
69
66
65
76
77
70
74
72
59
50
58
63
64
75
80
70
59
63
65
63
71
81
77
68
69
69
64
66
73
71
63
69
76
75
73
76
69
56
58
67
70
72
80
75
63
63
68
69
68
75
75
67
68
70
66
63
71
73
68
74
78
75
70
73
72
63
66
72
71
67
66
65
61
62
67
70
73
72
68
69
71
71
73
79
76
65
67
71
68
69
77
81
72
70
65
58
58
66
69
66
72
75
68
67
71
66
59
69
75
74
74
73
70
72
79
75
68
