81
76
72
66
66
72
76
72
70
72
73
77
83
79
65
59
62
67
73
81
81
74
73
72
67
66
70
69
62
65
71
74
76
78
73
63
61
65
70
78
88
86
77
71
67
62
64
73
76
75
77
77
73
73
73
70
67
68
68
67
72
78
76
71
66
61
59
66
72
73
73
71
68
65
67
68
70
71
68
65
66
68
66
65
65
63
64
69
71
67
64
65
64
65
72
77
74
73
72
66
59
62
65
62
64
73
75
68
67
66
60
59
68
76
74
74
73
67
63
64
69
66
64
64
62
61
65
71
71
65
60
55
60
68
73
72
68
62
58
60
64
69
71
69
63
60
63
65
69
71
71
66
64
65
65
66
67
67
65
69
73
74
72
67
60
54
57
62
66
70
73
70
65
65
65
63
65
70
71
75
76
76
71
67
66
66
68
66
64
63
66
69
72
77
75
70
67
68
68
71
75
71
65
63
66
66
67
68
63
60
63
69
69
69
69
65
62
62
64
64
69
74
72
71
72
75
73
71
69
63
57
59
66
71
75
78
72
64
64
68
67
66
68
70
69
74
76
72
69
69
67
63
67
67
61
62
71
75
73
73
66
54
54
63
67
68
75
76
70
67
71
68
62
64
65
62
65
73
74
65
64
62
61
65
73
76
68
64
62
60
61
69
73
69
68
68
66
66
70
69
61
63
69
70
71
71
71
69
69
64
59
64
72
74
71
71
67
59
62
68
70
69
75
77
74
75
76
71
62
59
58
61
69
75
73
67
65
62
65
73
76
71
66
65
63
63
68
68
60
57
62
66
72
77
78
73
70
69
68
67
70
68
63
63
67
71
75
77
72
62
60
61
59
59
67
72
74
78
80
71
60
58
57
58
66
77
78
72
73
73
71
71
71
64
57
61
67
75
81
83
75
66
65
68
73
75
76
71
64
65
69
71
72
70
63
57
60
66
72
73
75
72
64
65
68
68
64
65
66
66
70
76
75
68
63
62
62
70
75
75
71
69
65
63
68
70
66
60
60
60
63
73
78
74
69
68
61
58
63
63
61
62
71
77
79
81
74
63
52
51
54
62
72
73
71
70
70
67
67
71
69
64
62
66
67
66
69
68
63
57
60
69
65
63
63
63
60
61
72
72
68
67
68
61
55
62
64
62
67
74
70
62
63
64
63
69
76
75
68
68
63
58
61
65
64
61
66
66
63
66
71
68
64
64
63
63
68
70
62
58
66
71
74
78
80
71
64
65
66
68
74
78
70
66
66
65
66
73
78
71
68
71
72
66
65
65
58
60
70
78
77
79
78
65
59
61
66
63
67
74
74
74
77
77
64
61
63
63
68
76
78
68
68
71
71
72
77
77
66
64
65
67
70
75
75
68
67
66
65
65
66
65
66
71
74
75
73
71
63
64
72
75
75
72
69
60
58
64
69
72
72
73
68
66
67
66
62
60
67
71
74
78
79
71
61
61
62
65
69
73
66
55
56
59
64
70
76
73
68
68
65
63
66
67
61
58
63
67
70
75
75
66
61
63
62
65
72
72
63
57
60
57
59
70
75
69
68
72
69
67
71
70
