81
81
72
73
80
67
62
72
74
66
70
87
78
68
73
75
60
55
71
69
60
67
83
75
62
77
79
67
65
79
74
57
68
78
74
72
84
80
56
60
70
71
70
81
85
69
70
75
72
63
65
73
67
71
78
74
62
61
71
73
76
82
79
67
62
65
62
64
76
79
70
61
63
64
62
75
84
77
66
60
62
58
69
79
75
69
68
72
64
71
78
71
62
63
74
67
71
80
76
67
65
74
67
68
72
64
54
53
71
72
76
83
78
70
64
72
67
63
68
69
65
60
71
73
73
77
73
63
56
66
71
74
84
84
72
57
60
62
61
70
74
70
61
67
68
65
73
78
77
71
73
70
64
69
72
69
60
64
68
68
77
77
69
58
60
63
63
73
78
75
65
65
69
69
79
84
79
62
55
56
60
69
76
78
68
68
70
71
73
76
74
59
57
67
75
80
84
83
69
61
62
64
65
71
74
64
65
69
66
62
68
75
71
73
75
72
67
67
68
63
70
76
71
65
70
72
61
67
75
72
64
69
75
66
73
81
74
61
63
67
56
62
73
76
67
70
80
70
66
70
71
62
62
76
75
71
72
75
66
62
67
66
65
67
70
63
60
69
71
74
83
89
77
64
65
62
56
64
79
78
73
75
71
59
60
68
61
59
69
76
70
73
86
79
68
72
77
69
67
75
67
59
61
64
59
58
72
74
72
77
77
71
66
71
66
61
68
74
72
71
78
74
62
60
63
63
63
71
71
64
70
76
74
74
77
68
55
57
64
64
66
76
77
68
69
75
75
72
76
71
59
61
72
73
68
72
75
69
66
70
68
62
65
68
62
61
70
71
65
70
80
79
75
79
76
63
61
65
64
68
80
76
62
62
70
64
59
72
78
70
68
74
69
64
73
73
69
73
77
68
62
75
76
66
72
79
69
59
66
65
57
66
80
72
65
78
78
68
73
81
70
60
66
66
60
67
76
68
72
84
77
63
66
72
58
57
79
80
65
67
71
57
58
81
85
70
70
75
59
53
66
71
66
68
77
68
68
81
77
66
68
66
53
54
70
74
69
77
81
65
63
75
73
60
61
69
61
64
78
78
64
62
69
65
71
83
83
70
65
66
58
61
72
75
62
59
66
64
67
76
80
71
68
72
63
59
60
67
67
74
82
75
69
64
65
63
72
81
77
71
66
63
59
65
71
65
64
70
76
76
80
82
69
62
61
61
59
68
83
81
72
71
70
65
67
74
72
59
59
68
75
80
82
81
71
61
65
73
79
76
67
62
58
61
70
80
84
79
78
73
65
66
74
75
68
68
69
65
68
73
71
64
67
72
73
75
75
68
61
71
76
76
79
81
71
59
65
70
69
72
78
70
53
61
68
68
72
76
72
56
64
80
81
78
78
79
63
61
74
77
73
70
73
62
59
73
78
68
65
75
72
63
73
84
73
64
70
72
64
69
77
64
56
68
73
61
66
77
69
62
74
82
71
72
79
69
56
59
70
65
69
80
75
67
71
73
63
62
74
75
68
69
69
64
66
74
76
68
70
71
63
60
60
65
57
63
73
73
72
