83
73
64
58
65
73
72
74
70
66
59
66
72
67
67
69
68
60
68
74
64
60
66
67
61
73
81
69
63
65
58
52
67
76
69
72
80
71
65
74
75
62
67
77
64
60
71
72
59
67
79
70
73
82
78
62
70
75
61
65
73
69
56
67
71
60
67
73
67
57
67
65
58
68
74
69
60
71
70
67
74
75
66
58
67
68
70
78
76
69
60
64
63
68
73
68
64
66
71
69
75
77
67
61
65
66
65
75
77
66
62
69
69
64
71
70
56
55
68
67
69
83
81
64
61
69
57
57
73
72
57
60
81
69
68
82
76
57
57
73
64
69
87
81
60
56
68
55
58
78
77
63
61
70
55
50
50
53
59
74
75
73
72
70
63
59
68
67
65
60
65
77
78
78
79
76
63
56
57
60
64
64
55
61
67
70
73
76
65
58
61
62
62
60
57
64
67
69
72
75
76
60
53
55
56
56
