71
74
66
70
75
67
64
67
66
68
71
72
65
62
68
65
66
72
76
68
59
65
67
65
70
73
66
61
71
73
66
68
71
65
58
66
70
60
64
73
73
67
75
79
65
62
65
65
63
70
79
67
63
70
72
67
68
74
64
61
67
71
70
72
75
61
55
63
66
66
71
76
63
56
63
66
66
68
70
60
59
70
74
71
70
70
63
58
65
69
66
64
65
63
61
67
71
67
64
64
60
62
71
76
73
69
67
63
60
63
64
60
58
63
71
73
71
68
64
61
58
63
70
74
76
71
65
57
58
69
65
64
67
71
70
67
70
62
57
60
66
71
71
68
68
63
63
65
70
75
72
69
60
55
56
63
72
71
73
71
61
57
60
66
67
71
75
69
66
63
65
67
70
70
64
64
65
67
70
68
66
64
68
70
70
71
68
63
60
65
67
72
77
76
68
61
60
57
61
73
76
74
71
69
62
59
66
66
65
69
72
69
66
71
63
57
65
69
67
66
75
66
57
65
71
66
65
73
68
60
65
68
62
62
68
66
64
69
72
66
61
59
58
65
73
72
69
70
62
54
60
68
67
66
74
73
71
69
66
63
63
64
65
67
69
65
59
65
61
61
68
72
71
68
70
63
65
66
60
56
61
61
57
66
73
68
61
68
71
61
64
67
65
58
61
70
69
71
69
62
53
50
57
66
72
70
67
64
61
64
72
71
60
55
61
68
72
75
71
59
51
53
63
73
77
70
60
53
55
64
71
71
64
62
59
59
69
79
76
63
59
59
59
67
79
77
62
59
59
60
67
76
72
59
59
63
62
65
72
67
59
67
74
70
69
73
68
60
68
72
67
63
64
56
52
70
78
71
67
65
54
54
72
77
69
71
71
57
57
71
72
62
62
65
61
64
76
74
63
56
52
57
66
71
69
69
67
59
63
72
73
65
66
68
70
69
67
63
65
70
64
59
69
70
65
66
71
66
58
67
74
75
76
76
64
57
63
66
69
71
72
62
57
58
61
64
67
71
73
69
65
65
57
54
71
83
76
64
60
57
51
65
81
78
67
62
64
61
71
79
68
59
64
67
65
76
89
78
62
62
64
55
63
79
71
59
62
70
64
65
74
68
63
68
72
66
66
72
67
64
67
71
67
69
72
65
64
69
72
69
69
68
61
60
64
68
67
69
71
65
62
69
73
73
73
74
75
78
78
70
68
66
66
66
66
69
65
