89
83
74
76
70
62
67
73
73
71
77
77
72
74
70
67
65
67
68
64
66
68
71
72
73
72
69
71
68
66
63
61
60
60
72
79
80
75
70
66
62
70
74
75
75
74
67
63
73
79
77
77
80
70
58
64
69
69
68
70
69
62
66
71
71
72
74
74
66
65
65
63
62
62
66
63
67
72
75
78
77
77
66
58
60
61
66
71
78
71
60
62
66
70
73
76
70
59
57
62
67
71
75
70
61
59
61
63
63
60
63
65
69
76
84
83
72
67
62
54
57
66
66
56
62
75
72
74
79
72
54
54
70
68
69
75
71
58
59
73
70
72
78
72
57
57
72
70
69
73
68
58
65
81
75
67
68
64
52
56
75
77
70
70
67
56
57
74
76
67
63
62
57
61
78
79
72
71
71
64
63
74
74
68
68
69
65
65
73
73
70
71
72
65
58
58
57
57
64
75
81
81
81
77
69
64
61
58
58
59
64
67
71
75
77
78
73
69
63
62
63
62
66
66
69
73
75
75
69
68
67
67
66
65
72
68
68
70
71
64
56
66
69
67
73
78
71
58
64
65
58
65
77
72
59
63
73
70
74
81
74
61
62
63
55
65
76
71
63
69
72
63
69
80
73
64
68
68
57
59
70
65
59
64
68
72
74
83
81
71
64
55
53
52
61
68
72
72
67
72
67
65
68
71
67
61
65
68
66
67
69
64
60
66
69
67
69
70
64
60
63
65
64
67
68
60
60
67
69
68
72
74
65
66
72
67
61
67
72
68
72
80
73
60
61
66
57
60
73
73
63
63
69
59
62
74
75
68
72
81
70
66
71
65
59
65
77
73
66
69
66
63
64
68
65
64
74
69
61
62
65
67
71
78
75
70
69
66
63
66
72
73
74
75
74
71
65
61
58
61
62
61
67
73
71
67
68
67
64
65
72
73
71
72
71
69
69
69
71
66
65
68
70
69
64
64
69
69
71
77
77
71
67
67
66
61
66
74
74
75
76
73
70
69
72
71
72
73
68
66
65
64
62
67
70
67
68
75
72
66
70
75
68
64
69
65
57
63
74
73
68
69
67
58
57
66
70
72
74
70
66
62
59
61
66
71
66
63
65
62
63
69
71
67
63
65
71
68
70
75
70
62
59
61
62
62
71
74
73
70
63
61
63
66
70
75
78
74
68
67
65
55
51
57
65
68
69
72
67
65
70
69
64
65
69
68
63
63
64
63
68
71
70
73
76
70
61
61
60
56
60
68
70
66
72
76
69
65
64
61
55
61
69
70
71
74
75
64
61
63
66
70
74
75
66
59
57
60
64
67
72
74
74
74
77
76
71
69
65
63
62
65
67
65
69
72
73
73
73
75
75
75
71
64
63
64
68
74
79
79
72
68
62
59
64
72
75
72
71
67
63
65
67
67
63
62
62
63
70
75
75
73
70
65
61
63
65
64
64
65
66
67
68
66
64
64
62
63
60
60
65
71
75
78
80
76
72
70
65
60
60
67
67
69
70
68
63
61
69
71
74
77
76
70
62
60
56
60
67
71
73
75
73
64
62
64
62
59
67
71
63
65
