86
81
78
81
82
74
78
83
75
69
72
73
62
66
72
64
63
75
78
68
75
82
70
66
75
72
58
67
80
70
69
85
84
64
63
71
57
57
77
82
68
72
84
70
67
83
81
66
69
82
70
69
84
81
66
63
70
60
58
76
81
75
71
76
65
57
69
73
71
70
76
72
61
68
72
72
67
71
76
62
64
64
61
53
57
70
63
68
70
69
60
61
76
73
81
85
82
66
59
64
54
60
74
79
68
63
69
55
52
63
70
63
62
72
63
60
71
77
69
67
77
72
63
74
76
66
60
65
63
53
65
69
61
57
61
68
59
69
76
73
67
65
71
64
70
74
75
71
69
76
66
66
68
67
62
59
73
70
67
68
67
61
51
62
67
69
75
79
74
60
65
69
65
67
70
67
56
64
73
68
72
78
75
60
63
76
72
75
83
83
71
73
77
65
68
78
80
69
74
79
66
65
72
70
58
65
74
62
63
72
68
57
70
78
75
70
65
62
59
61
73
75
68
79
83
69
68
75
71
60
71
75
65
68
78
75
66
72
71
62
67
74
69
66
77
75
66
73
81
70
66
77
73
60
64
75
64
59
70
71
64
68
78
70
62
71
72
66
67
73
68
66
76
80
78
77
73
61
57
58
59
61
67
68
64
71
73
71
70
71
68
64
72
76
70
68
70
67
63
71
73
67
66
67
64
62
60
59
60
69
68
63
62
