78
81
70
71
83
76
70
73
79
68
65
81
75
73
79
84
69
58
73
64
64
76
85
74
61
74
68
65
80
88
76
66
74
66
62
76
80
72
68
71
74
70
80
82
72
68
77
84
80
81
74
63
58
67
84
84
80
72
63
52
61
84
87
81
78
74
63
63
74
76
72
73
74
68
68
73
77
72
75
75
75
76
74
71
60
63
68
76
81
72
72
65
65
68
79
83
66
64
69
66
66
75
79
64
60
75
69
64
79
85
66
57
72
69
58
68
79
69
61
73
82
76
80
82
68
62
69
77
74
70
70
67
68
74
81
83
73
63
64
71
74
78
78
67
57
62
70
70
74
80
69
59
72
80
71
63
68
67
52
66
82
80
72
69
72
63
70
81
78
71
68
73
68
73
77
72
66
65
72
77
79
81
79
75
65
66
68
68
68
66
66
64
71
79
76
74
73
74
68
69
73
71
74
76
74
68
71
76
66
64
70
78
77
80
83
68
59
61
67
66
71
78
75
74
76
74
66
65
69
67
69
71
71
66
68
70
68
72
76
75
71
70
67
63
69
78
81
75
72
71
71
77
80
74
65
62
61
66
79
88
87
80
72
62
63
74
78
72
65
62
57
63
78
83
77
71
69
63
66
74
73
66
63
67
65
72
82
83
76
72
71
65
67
68
67
64
70
73
72
77
77
70
64
64
62
64
73
71
67
72
79
76
74
80
76
65
66
75
74
74
77
72
63
67
76
75
77
79
73
65
63
63
63
65
68
67
68
73
73
70
76
77
69
70
76
74
70
72
72
63
64
73
75
74
73
68
67
74
76
73
70
70
65
58
70
77
73
73
72
66
58
68
80
77
78
80
75
67
67
66
60
58
64
68
71
80
79
73
68
66
63
65
74
72
67
72
72
67
69
79
77
71
71
70
64
61
72
76
76
76
76
72
69
75
73
69
68
64
65
72
75
72
75
82
77
68
75
78
62
62
74
76
68
67
77
70
64
76
80
73
71
76
66
56
64
70
70
72
78
71
74
80
79
73
69
67
55
53
65
67
67
75
80
79
80
88
83
72
68
59
52
63
75
71
70
78
77
72
79
88
79
72
71
63
55
62
69
66
69
77
71
66
75
75
69
66
68
64
62
74
77
78
75
74
68
63
72
74
74
70
65
64
68
77
76
80
85
78
69
73
73
59
55
59
53
54
73
88
81
74
77
68
57
66
76
72
61
64
72
63
67
77
79
75
72
78
75
70
72
72
67
61
69
79
73
74
77
77
72
72
83
77
67
66
66
61
63
78
79
68
69
75
71
66
73
73
65
62
68
68
70
80
81
73
67
71
71
70
77
82
78
70
69
65
65
74
81
80
75
72
69
70
74
78
77
76
72
69
69
73
74
67
70
68
64
67
70
75
74
77
79
83
81
78
74
66
62
59
69
75
72
71
74
79
73
72
77
74
69
68
76
82
75
73
74
70
68
73
81
75
67
70
73
70
72
79
75
64
69
79
76
73
74
69
61
66
77
78
78
85
83
74
68
69
67
64
65
62
62
64
70
77
81
82
82
78
72
72
77
