72
82
71
68
75
75
63
67
70
58
60
71
76
70
70
73
63
67
72
70
66
63
69
64
74
78
71
63
57
64
65
80
83
70
62
59
65
68
81
81
67
61
58
61
70
86
85
66
56
55
56
67
82
84
72
65
59
55
65
77
82
76
72
67
61
68
70
72
68
68
67
64
74
68
62
61
66
71
70
78
73
60
58
64
68
67
77
79
68
64
67
69
65
64
64
58
65
77
81
76
72
72
64
66
69
70
68
64
67
66
74
79
73
66
61
61
63
74
76
70
65
61
56
55
68
74
75
78
80
73
64
67
63
61
68
77
74
67
69
64
60
60
71
72
71
72
64
62
64
73
75
74
72
65
63
61
65
65
67
72
71
75
73
68
65
63
61
65
75
75
69
67
66
59
63
75
79
69
62
63
59
65
76
78
65
58
61
63
64
62
66
76
78
66
64
74
68
67
72
69
55
53
60
65
70
69
66
66
67
74
72
58
56
68
69
68
73
69
55
50
51
56
73
74
72
69
68
69
71
69
58
54
65
68
67
67
67
70
75
79
70
57
53
53
54
57
62
66
67
66
66
67
69
71
62
52
54
64
70
71
71
71
71
74
76
68
61
66
68
64
59
63
63
60
69
76
75
73
72
70
69
63
61
61
61
63
66
65
68
70
71
72
74
