75
88
72
70
82
83
69
70
79
65
62
76
80
73
75
79
67
57
66
67
63
71
78
79
72
73
66
60
64
67
76
78
76
69
66
65
62
69
72
72
74
79
76
66
71
76
69
71
82
80
68
71
75
64
64
77
74
63
66
73
64
63
77
74
63
66
72
68
64
73
69
61
66
73
70
64
71
67
63
70
71
74
71
69
65
68
75
70
63
65
75
62
64
77
76
69
60
66
64
59
69
75
71
61
58
61
66
72
78
79
73
64
58
66
62
62
65
68
65
55
63
69
61
63
67
69
62
63
70
67
67
73
77
73
69
67
66
61
63
69
73
73
69
69
69
62
64
68
70
68
63
72
73
66
65
66
60
51
55
71
74
72
71
67
57
51
61
71
66
68
71
69
68
74
78
70
68
68
67
69
73
75
73
70
66
64
66
66
61
64
72
70
69
75
77
68
59
63
65
61
66
73
73
68
66
64
64
62
59
61
68
75
77
75
72
71
69
73
77
78
77
72
73
72
75
79
79
76
66
62
65
72
75
76
76
69
64
64
72
69
67
72
71
68
66
71
73
70
69
68
67
65
69
69
72
76
77
77
77
77
76
74
73
72
71
73
77
72
69
70
73
71
72
78
77
78
76
68
63
64
63
60
68
74
74
68
66
72
74
75
75
74
72
72
72
72
73
74
74
73
