84
54
59
72
79
78
68
73
69
60
75
81
79
68
56
61
58
56
70
77
78
74
65
72
68
64
73
74
73
68
56
68
60
58
69
76
80
71
61
69
61
62
75
86
85
73
59
69
63
58
71
77
73
59
58
79
70
69
78
80
69
61
62
78
67
69
75
70
63
55
59
68
62
69
78
83
76
63
63
60
56
67
78
73
63
63
62
53
62
77
77
67
64
68
61
67
75
72
63
62
66
60
64
74
73
66
65
71
68
69
71
68
63
58
66
67
65
68
68
67
60
57
66
64
65
67
73
73
64
68
70
62
61
65
69
63
65
77
76
69
69
74
68
62
67
75
67
62
64
63
58
61
70
72
68
69
69
62
59
67
72
71
69
69
61
57
63
67
65
64
69
69
67
73
72
67
64
68
68
61
67
68
65
63
70
77
75
79
74
63
53
53
62
64
72
74
70
64
56
60
63
65
66
67
72
77
78
76
63
56
60
59
61
66
75
72
67
77
75
70
72
77
73
64
69
74
68
71
76
72
64
62
68
61
61
70
71
69
72
80
72
63
65
64
58
62
70
74
68
70
69
70
73
71
73
66
62
62
61
66
74
82
80
71
70
70
71
72
73
73
68
62
66
74
66
66
71
71
66
64
72
62
54
58
61
59
58
69
77
76
79
81
73
59
57
63
62
70
76
74
64
59
66
64
65
75
79
73
65
69
67
57
60
71
75
64
62
64
58
53
61
70
70
73
76
74
64
57
63
66
68
65
58
61
66
68
71
76
77
77
77
75
68
65
65
