80
82
70
64
71
76
72
79
79
71
69
69
69
67
72
72
71
76
79
77
74
74
67
63
67
67
67
70
74
71
75
80
80
71
67
65
62
69
80
84
78
77
71
65
66
72
77
75
76
72
71
74
73
75
72
72
66
66
68
70
76
79
80
73
69
67
64
69
74
75
72
72
70
65
71
74
68
68
71
70
66
74
80
71
72
73
69
64
73
81
72
74
77
76
72
79
83
71
71
73
70
64
73
81
74
74
81
80
70
72
79
68
65
76
84
75
76
86
76
66
73
78
66
60
68
62
58
68
76
68
62
70
62
63
79
88
79
72
79
67
61
73
79
70
68
82
73
65
81
85
69
57
68
61
52
72
80
67
63
77
71
61
76
84
69
60
75
71
61
75
85
73
62
72
68
60
73
78
68
62
73
69
63
76
81
69
61
67
66
63
78
84
73
65
72
68
63
75
79
69
60
72
74
66
72
73
63
55
65
70
70
79
80
69
60
65
67
67
74
72
64
61
69
71
75
81
76
68
67
72
68
66
72
67
62
64
72
69
68
75
70
65
68
73
70
68
75
72
66
66
69
69
69
77
73
66
66
70
68
63
66
63
62
65
73
80
77
78
74
70
69
68
68
65
66
65
68
70
75
78
75
73
66
63
65
70
71
69
68
66
67
70
75
75
72
70
65
66
69
78
79
77
73
62
55
58
69
73
74
74
70
71
74
76
73
71
69
65
64
65
70
71
73
75
74
69
66
64
66
70
72
80
84
77
71
71
68
60
64
75
71
66
73
73
62
62
75
70
61
74
80
71
70
82
73
62
76
81
66
60
73
69
59
72
81
69
66
76
68
58
70
76
67
69
84
78
69
76
76
61
60
75
72
65
76
78
64
64
78
71
60
73
76
65
65
76
69
61
72
76
64
65
77
74
65
74
78
78
77
75
66
64
76
72
65
72
70
59
61
73
69
67
79
82
71
66
75
67
58
70
74
62
57
74
73
66
79
81
67
61
73
70
65
75
79
69
61
71
67
59
67
70
65
63
75
73
67
76
78
70
66
74
70
66
78
79
70
65
70
62
55
66
71
66
70
84
78
72
75
67
53
55
68
66
69
82
81
68
68
75
66
65
74
73
62
61
69
61
65
75
71
64
69
77
72
75
81
72
63
68
71
65
73
83
75
64
69
68
57
63
74
69
62
72
75
63
64
71
68
68
80
88
81
78
77
65
57
59
66
67
74
80
75
70
67
68
65
67
71
67
67
68
73
75
74
74
69
67
65
66
67
69
73
74
73
71
69
69
67
67
69
74
79
80
77
71
66
61
60
68
76
77
75
74
70
65
70
72
69
66
66
66
66
73
78
79
79
78
73
68
66
64
66
68
69
64
64
70
71
71
76
81
75
71
72
69
66
69
75
74
75
82
79
72
69
70
64
61
65
65
63
67
70
68
68
73
72
74
84
87
79
71
66
61
62
72
78
75
72
68
60
63
71
73
72
73
68
62
66
74
73
71
72
68
62
69
77
80
83
86
77
69
74
74
67
61
59
55
57
69
72
72
73
75
73
69
78
81
73
69
69
71
