79
77
75
76
75
72
74
75
76
74
75
79
75
71
74
76
70
67
69
70
72
79
84
79
77
78
73
67
69
69
65
68
74
75
74
75
74
68
72
78
79
78
77
74
69
68
72
80
88
89
84
78
71
66
73
79
77
71
68
61
58
74
87
86
77
76
68
61
67
73
72
64
68
66
61
72
83
82
74
78
73
61
68
76
74
66
66
70
64
69
73
70
66
64
71
71
73
75
73
73
69
67
77
80
81
79
80
73
60
65
68
67
69
77
76
63
65
75
69
72
83
83
70
62
67
62
59
70
75
71
69
74
77
73
75
72
65
62
55
51
62
66
65
67
74
73
68
77
78
71
71
74
67
57
65
74
73
76
84
81
70
70
69
66
69
74
74
69
72
70
65
67
69
66
66
71
71
69
68
63
59
69
81
81
77
74
67
59
66
80
82
78
74
67
56
58
67
70
72
77
76
68
69
72
70
70
75
76
72
78
82
76
71
68
63
58
67
79
81
80
77
69
61
63
67
68
73
75
71
66
70
73
75
82
84
78
74
74
71
66
69
73
70
70
78
76
69
67
67
68
68
69
69
66
64
64
65
68
74
78
77
73
68
61
64
