77
81
70
76
88
81
73
77
78
64
66
82
75
68
78
83
73
69
77
73
63
70
75
69
69
71
69
57
59
67
73
77
72
71
71
64
65
71
74
65
60
71
75
73
79
81
70
60
65
71
67
71
77
76
76
80
80
79
74
72
69
69
72
71
74
77
69
67
68
69
67
59
66
68
64
66
72
74
64
62
65
61
61
71
77
71
66
66
76
72
67
72
73
71
68
69
67
58
63
68
69
72
73
70
64
64
65
63
69
72
67
62
63
67
66
72
76
71
68
69
75
73
73
75
68
63
61
63
70
73
72
66
59
54
54
68
75
73
71
70
67
65
75
81
75
69
66
61
58
66
79
77
68
62
60
60
71
82
83
72
64
61
61
69
75
76
71
64
61
60
65
68
70
71
71
71
70
73
74
71
68
66
66
66
72
74
74
74
74
75
75
76
74
71
70
68
71
73
74
70
67
68
67
69
71
71
67
65
67
65
66
67
69
69
66
68
70
72
73
74
74
71
69
70
73
72
69
71
73
69
64
70
69
57
55
65
67
66
79
86
72
63
65
62
58
70
80
76
73
79
74
64
69
71
63
65
72
69
64
71
69
58
63
73
68
63
74
77
64
68
78
71
64
73
75
56
53
66
67
65
74
79
64
63
70
65
64
73
78
66
66
73
67
61
68
73
63
68
80
72
63
68
71
58
58
71
68
63
67
72
63
61
71
69
65
68
73
68
68
75
73
64
64
67
62
66
74
74
70
70
67
60
66
75
75
70
70
72
60
61
69
64
56
59
72
67
68
80
76
67
65
76
72
68
78
77
68
62
66
67
64
71
70
67
65
68
69
68
73
67
62
61
64
66
68
76
75
76
78
80
75
68
72
70
68
69
70
65
59
65
64
61
61
67
68
70
81
83
80
73
68
61
58
71
80
78
70
69
68
64
73
75
71
64
64
67
63
71
76
71
62
61
64
67
83
89
83
74
69
67
65
76
79
73
64
59
58
60
75
81
77
72
69
68
63
68
74
70
67
70
75
73
75
75
73
67
64
74
75
76
71
63
55
51
63
69
75
77
75
72
69
73
70
70
69
67
64
63
69
68
70
71
70
66
64
68
65
66
69
71
68
66
64
59
60
66
73
73
71
72
62
62
68
75
73
70
73
70
65
66
69
64
59
59
62
66
71
77
72
68
65
62
63
65
71
71
71
68
64
69
69
72
72
73
70
64
67
70
65
61
66
66
62
69
77
76
75
75
68
56
53
62
66
70
79
80
74
69
67
65
60
63
66
66
67
74
78
73
68
64
59
56
59
66
73
78
76
76
76
75
70
68
67
67
66
66
70
71
65
65
69
69
68
68
67
62
64
71
74
75
80
77
68
61
62
63
68
78
77
70
67
69
70
73
80
78
74
69
66
61
60
61
59
64
70
73
73
76
74
64
64
68
63
60
69
76
73
73
77
72
64
67
68
64
61
66
65
62
71
74
69
64
64
63
61
66
70
74
79
82
75
64
63
65
67
74
80
76
64
60
59
60
64
72
75
71
74
74
71
67
67
65
59
63
74
84
85
84
81
71
63
64
69
65
