81
82
79
78
74
67
73
82
81
79
80
78
70
72
76
72
68
69
69
65
74
81
75
69
70
70
66
77
84
81
75
74
71
66
73
79
80
74
68
67
64
68
74
83
79
75
73
67
65
74
83
73
65
73
72
66
77
85
72
65
79
80
75
82
84
62
51
65
65
66
80
86
69
63
72
64
63
74
76
58
54
68
65
64
73
75
59
59
73
72
69
76
76
62
60
71
72
66
72
74
66
64
72
76
68
67
66
60
63
74
81
68
64
66
67
67
70
76
64
61
66
69
69
70
77
66
60
63
69
70
70
77
66
57
63
72
73
67
72
66
56
65
79
76
64
65
67
52
61
80
79
64
59
74
64
66
82
82
68
58
68
63
57
67
70
65
60
70
79
72
76
76
70
63
62
77
73
68
68
67
65
64
81
85
77
78
77
72
64
68
76
59
61
72
79
76
74
80
64
58
69
78
73
64
72
69
60
69
78
74
62
63
69
62
70
85
84
69
62
69
61
67
81
82
70
64
74
69
68
77
77
70
68
77
73
66
77
81
75
69
68
70
72
73
74
71
62
65
67
66
66
70
77
69
68
71
75
78
76
82
77
66
63
67
67
62
65
69
62
69
82
86
78
75
75
61
60
68
69
65
66
76
68
72
80
79
69
60
65
58
60
72
75
70
63
67
61
60
72
76
72
64
69
75
75
80
80
74
60
57
66
67
71
75
75
65
63
73
71
67
68
68
60
60
76
80
76
78
77
63
55
66
71
65
69
74
69
65
74
78
68
70
75
70
64
69
74
62
59
67
68
64
67
75
66
64
64
65
67
70
75
77
79
78
77
75
68
63
69
61
57
68
77
72
68
77
73
62
68
76
68
62
71
75
62
68
80
71
64
73
76
61
64
77
69
63
72
82
67
66
80
71
68
76
83
72
69
79
65
57
62
70
63
60
79
78
75
79
82
75
64
71
68
65
70
72
71
65
71
71
73
76
76
74
67
68
66
70
73
71
69
65
66
65
72
75
70
68
67
65
66
74
76
70
67
62
60
63
72
75
69
68
64
58
63
72
74
68
71
73
67
72
79
75
63
63
66
59
67
77
76
64
63
70
63
69
77
71
56
55
64
61
70
80
76
64
63
70
63
69
78
74
64
65
72
67
69
76
69
57
55
59
56
65
80
80
74
73
73
65
66
75
71
64
64
67
59
60
70
69
64
70
77
70
70
77
74
66
70
76
68
69
78
75
64
65
73
67
63
69
68
61
63
71
70
71
78
79
71
73
79
76
75
76
74
64
64
73
74
73
75
76
67
64
69
69
67
67
71
72
75
80
77
71
68
71
72
72
76
77
72
69
68
70
71
72
71
67
67
69
73
77
77
73
68
66
65
65
69
76
76
73
72
67
62
61
65
67
68
75
79
80
77
75
68
65
68
68
64
59
63
66
70
75
77
72
65
64
64
66
69
72
71
66
64
64
66
69
71
71
70
72
68
66
63
62
62
66
73
75
76
76
71
65
64
68
65
65
67
64
57
57
65
67
68
72
70
64
65
69
65
63
67
67
63
66
76
75
73
74
70
60
60
68
65
63
70
73
69
70
75
