84
87
87
71
74
81
71
72
79
81
67
68
81
69
65
75
79
65
64
78
66
59
72
77
69
69
84
77
69
78
81
72
64
74
74
68
74
76
72
68
71
74
73
70
73
77
78
80
74
73
72
67
70
75
82
83
79
77
69
63
65
75
75
71
71
68
62
65
75
77
73
72
67
58
60
72
75
73
72
68
57
57
67
73
75
78
75
69
67
70
70
69
67
62
61
67
73
75
71
64
56
58
69
74
74
73
72
62
64
74
76
71
74
84
66
55
63
72
69
66
73
59
51
62
75
76
67
71
65
60
68
72
74
68
66
55
57
67
71
75
71
71
65
64
70
68
64
58
61
64
72
82
77
70
60
56
61
72
82
80
71
57
53
61
71
77
78
75
64
57
63
72
76
74
73
70
60
66
79
76
70
65
68
65
69
79
78
75
69
68
69
67
74
75
79
79
72
65
61
62
62
69
77
78
73
67
60
53
58
68
78
81
84
86
85
78
76
74
72
66
67
69
66
67
