72
73
78
79
78
75
77
73
72
74
74
73
72
73
69
70
69
67
67
67
70
73
80
80
75
71
69
69
68
71
71
71
68
64
64
65
75
80
81
78
75
75
70
75
79
78
74
70
66
58
64
70
72
73
78
77
68
69
75
75
71
74
77
70
68
68
67
65
69
71
66
69
75
74
68
70
73
70
70
72
67
58
60
64
66
76
84
78
67
65
64
59
64
73
75
72
75
74
63
66
75
76
68
66
66
61
68
77
74
67
68
69
59
60
64
64
64
71
74
67
66
68
65
63
70
77
73
68
66
60
56
59
64
72
75
77
74
71
66
59
63
66
65
65
71
79
74
74
77
72
62
61
66
54
52
60
66
69
79
88
72
59
56
56
58
69
80
71
71
73
66
63
73
79
65
67
74
65
60
71
76
59
62
73
68
66
77
79
61
62
69
63
59
70
76
66
69
77
71
67
73
72
59
60
63
62
67
81
85
83
80
77
71
69
67
62
63
75
77
68
69
70
67
67
76
77
70
72
72
65
62
74
82
83
83
79
65
52
57
63
64
72
79
78
71
73
72
66
63
66
73
71
76
78
77
71
65
67
68
74
75
79
79
73
67
63
71
74
74
70
66
63
60
69
76
77
76
76
77
80
78
65
62
67
69
69
70
71
66
65
76
85
82
79
76
68
61
68
75
71
72
75
74
74
72
66
63
60
58
58
60
72
72
68
75
