76
83
76
72
72
74
74
68
76
75
76
80
80
77
67
73
69
69
77
80
80
71
75
69
67
75
74
74
73
79
70
64
69
65
67
73
83
76
74
82
74
63
67
80
72
73
87
81
68
71
79
65
62
74
74
67
75
84
69
64
74
71
62
70
80
71
65
74
77
69
76
84
74
63
68
71
65
73
80
74
58
57
62
58
65
75
82
69
64
69
65
67
74
83
75
66
71
66
65
67
75
70
64
70
66
65
69
71
61
60
68
67
72
79
81
69
62
66
67
71
81
87
75
65
64
62
59
64
70
65
63
68
71
65
65
74
72
69
71
73
70
70
76
73
67
72
73
68
69
76
70
57
63
71
66
70
81
76
64
69
73
63
64
77
77
68
75
80
68
66
74
73
64
70
74
65
70
78
73
65
72
75
66
69
77
69
64
75
78
69
69
76
65
59
76
81
72
71
81
77
64
71
78
71
66
69
72
67
69
73
73
69
65
67
68
70
71
76
77
70
72
75
76
72
74
81
74
72
72
70
67
68
76
74
71
68
62
63
70
79
81
82
77
70
70
75
76
68
68
70
72
77
77
71
59
60
61
65
78
85
81
70
71
75
68
71
79
81
71
68
83
82
72
67
65
58
55
68
78
79
78
74
64
59
67
75
75
78
78
70
63
68
75
76
77
77
76
75
74
72
72
71
71
72
73
71
66
69
72
69
65
66
67
68
72
73
71
68
70
68
69
80
80
73
67
67
64
62
61
61
63
65
73
75
73
70
68
64
59
67
74
74
75
71
66
59
61
68
73
78
77
75
69
64
67
73
76
72
66
61
63
71
75
75
71
67
63
65
75
80
77
71
65
60
61
73
80
77
72
68
63
61
70
74
67
67
69
69
69
75
77
65
64
69
72
73
77
74
67
67
67
66
72
80
72
57
61
69
65
70
78
72
58
63
78
80
80
79
77
75
72
68
59
64
72
72
74
80
78
69
71
74
72
69
68
61
56
67
82
89
89
83
71
57
60
70
75
78
77
73
69
71
71
70
70
69
62
58
74
79
77
79
79
72
64
66
74
71
67
69
69
70
75
78
83
78
69
62
63
65
62
68
76
74
73
80
82
72
63
61
66
68
73
80
78
75
72
68
73
70
63
62
71
73
67
69
71
65
61
70
75
72
72
68
61
53
62
73
76
81
76
68
60
64
70
72
78
68
59
62
69
71
72
77
66
51
56
65
69
74
84
75
60
62
75
74
71
76
69
56
60
74
75
71
74
70
57
61
69
72
73
78
76
68
72
74
70
64
63
61
66
81
83
75
70
64
55
61
77
78
72
73
73
65
71
83
75
63
67
68
61
71
86
80
68
72
74
65
71
82
80
68
64
63
64
73
83
83
77
72
67
70
81
81
75
71
70
66
64
74
73
67
69
74
74
74
79
83
76
68
68
69
71
72
76
81
74
64
65
72
75
72
71
74
70
68
73
75
73
72
77
81
77
77
78
70
60
59
65
71
77
80
76
70
68
68
71
81
76
70
67
68
65
63
70
73
68
68
79
82
79
78
75
68
58
66
76
80
79
71
64
57
61
71
78
79
72
64
59
63
67
73
79
79
73
66
73
70
