70
75
76
71
69
74
70
71
75
75
76
74
73
70
71
77
75
77
74
69
69
71
76
71
70
68
63
66
73
77
71
65
66
65
67
74
82
79
74
71
67
68
69
75
76
73
70
66
65
64
70
74
76
77
73
68
67
67
65
66
70
71
70
72
80
78
76
77
72
63
54
58
67
72
78
82
79
70
66
62
63
64
67
67
65
67
68
76
81
81
76
69
65
63
67
73
76
72
67
66
64
66
70
71
68
63
59
61
65
69
70
72
74
73
71
69
66
63
62
68
73
78
79
74
63
58
60
62
67
72
73
69
63
63
65
72
78
78
75
73
72
70
69
70
67
63
65
69
67
69
77
76
67
64
64
60
59
64
64
62
68
76
75
70
71
69
66
67
71
71
69
70
68
67
68
72
74
74
74
71
68
65
63
63
65
68
70
72
69
64
61
63
66
72
79
80
77
71
63
58
60
68
69
66
70
74
74
77
80
73
66
65
65
61
63
69
71
73
75
74
75
74
71
67
72
75
69
63
64
66
63
69
74
72
72
77
75
67
69
72
68
65
67
66
62
69
80
81
78
75
71
68
67
66
64
68
72
72
72
75
73
69
71
74
69
66
69
69
64
67
71
69
68
73
71
67
69
73
72
68
72
70
70
77
78
72
68
69
62
56
63
72
73
76
84
78
70
69
66
58
53
62
66
71
79
81
77
76
75
69
67
70
69
63
67
71
64
62
65
65
62
68
79
76
73
75
69
56
51
57
59
65
76
81
77
76
75
69
66
64
59
55
64
75
73
71
74
72
65
70
73
69
66
67
63
57
66
75
76
76
75
71
64
64
68
68
66
64
61
60
69
75
77
76
73
69
64
69
74
74
72
71
69
66
64
64
63
62
67
72
73
75
75
70
64
67
72
71
71
74
74
68
65
66
67
68
71
73
74
72
69
69
70
70
67
63
64
70
78
82
82
77
67
60
59
63
66
71
73
71
69
75
76
71
68
67
63
61
68
72
71
72
75
73
71
76
76
71
70
71
68
64
67
68
65
67
69
68
67
75
77
73
73
75
72
67
68
67
63
61
63
66
70
72
70
68
69
72
69
68
70
70
70
69
73
76
77
75
69
65
59
57
58
65
73
77
76
69
63
57
56
60
65
68
70
74
77
79
79
78
76
69
63
60
60
61
64
68
70
71
72
74
72
70
67
65
67
70
75
77
76
71
65
64
64
67
68
71
70
67
68
70
71
68
66
64
63
71
80
82
80
77
72
64
63
66
66
63
62
64
67
77
87
87
82
75
66
54
51
60
70
76
80
82
77
72
70
68
66
62
59
60
69
82
89
87
77
68
61
61
68
76
78
76
73
72
73
75
73
68
62
58
61
69
78
80
76
71
68
68
68
73
74
75
77
76
77
75
75
67
59
58
60
64
66
75
77
72
71
72
75
72
73
74
70
65
67
76
77
74
68
59
54
56
70
74
73
73
72
70
72
78
74
67
63
62
63
70
79
78
72
71
64
59
67
76
72
63
65
69
67
73
79
72
61
59
59
56
66
73
69
61
66
75
73
75
77
69
59
