77
81
82
69
64
81
79
73
75
75
66
61
78
85
76
72
71
67
61
69
85
75
63
63
69
63
60
73
72
59
68
83
79
70
72
77
57
64
83
82
77
71
75
65
65
83
87
84
73
65
65
58
68
79
83
77
67
70
70
63
70
76
72
64
66
79
68
68
75
74
68
62
70
68
60
70
74
74
66
60
68
54
58
71
77
72
65
76
78
68
74
79
76
67
63
76
69
74
83
75
64
57
67
69
67
76
76
70
60
53
66
64
62
69
76
76
68
72
79
66
66
74
76
68
59
65
61
60
69
76
76
72
72
70
60
62
72
76
70
66
73
71
70
74
73
68
65
73
65
59
70
72
66
60
68
65
60
73
74
69
65
73
71
58
68
75
72
68
69
68
60
67
73
74
75
75
71
63
65
69
72
73
69
66
65
68
71
72
71
69
71
74
73
71
67
62
57
61
71
76
78
73
63
55
57
63
71
81
81
72
65
67
68
72
80
80
70
64
72
70
67
71
72
65
61
71
70
67
71
75
70
63
72
76
74
75
74
65
56
64
70
68
73
80
75
62
66
72
67
66
75
77
67
70
80
76
70
76
78
67
67
74
74
70
73
72
60
58
63
64
66
75
80
69
68
67
60
61
72
79
71
73
75
68
70
77
79
74
79
77
63
60
66
66
61
75
79
67
67
76
74
61
67
71
64
64
73
76
69
71
71
62
61
67
70
69
73
75
68
65
66
68
69
71
71
65
65
64
66
72
76
76
77
82
73
63
64
59
52
54
69
70
62
72
72
63
63
77
80
70
75
79
69
65
73
72
65
69
71
69
70
73
64
54
58
56
58
73
84
76
69
77
69
64
76
88
82
71
70
57
51
63
76
74
69
73
63
58
70
80
74
70
78
70
64
70
70
60
55
62
67
74
82
81
67
59
62
64
69
77
79
72
66
65
64
66
73
80
79
74
72
67
59
58
63
66
65
74
79
76
71
68
68
69
77
83
76
68
62
56
53
64
79
80
77
72
65
60
66
69
65
67
73
78
77
83
83
67
58
59
60
60
73
83
74
67
69
68
67
78
82
65
53
58
65
68
80
89
78
64
60
61
60
58
67
74
74
77
81
81
69
63
64
62
68
72
72
70
67
67
65
68
73
71
69
73
74
71
73
75
67
56
63
72
71
75
81
76
66
68
79
72
67
73
70
57
52
64
72
75
86
87
73
61
61
60
63
76
82
77
73
76
70
65
65
62
59
65
79
82
79
80
74
66
64
67
68
71
77
74
66
65
69
68
71
78
74
64
66
72
70
68
77
81
74
74
79
74
66
69
72
64
61
70
72
71
75
79
71
70
78
80
78
80
76
60
54
60
61
64
75
81
74
75
80
74
65
69
73
71
73
75
71
67
72
71
66
71
72
66
63
73
73
70
78
82
78
72
76
73
63
66
68
64
59
65
71
70
74
76
76
74
74
77
78
74
65
63
64
67
72
78
81
73
67
65
63
63
68
70
69
77
81
74
66
65
64
58
67
81
82
74
69
68
61
65
74
80
76
71
67
62
61
63
66
69
72
73
72
