82
83
77
62
66
79
77
68
74
76
67
73
84
78
67
73
77
67
71
83
79
72
79
79
65
63
72
66
60
70
77
73
75
78
69
67
78
80
73
75
79
72
72
79
79
73
73
72
69
74
81
82
78
74
67
61
64
71
73
75
77
74
73
79
83
78
69
63
61
64
71
73
75
72
63
62
66
67
69
74
74
68
73
80
77
75
78
74
63
61
68
70
73
83
80
68
64
66
65
65
74
73
67
68
67
64
65
74
74
70
68
64
62
68
78
79
79
77
64
51
54
64
66
74
83
78
70
72
76
69
67
69
62
53
58
69
74
80
85
77
65
69
75
74
75
77
70
61
63
67
65
66
68
65
63
71
77
78
75
71
63
58
62
62
62
69
76
77
75
81
81
70
65
65
65
62
65
73
75
75
77
77
72
66
68
66
65
71
79
82
80
78
75
66
61
66
69
68
68
72
78
75
75
73
68
64
58
62
68
69
71
72
73
69
65
68
70
66
66
71
73
75
76
79
73
66
66
67
69
71
76
81
78
71
68
70
66
61
61
63
64
69
81
83
79
74
71
66
64
73
78
80
79
74
66
61
61
60
61
64
66
69
74
77
72
71
73
71
71
74
79
75
74
76
69
60
57
61
61
67
74
75
73
71
69
64
67
74
74
70
68
69
66
71
74
73
69
68
69
68
74
77
73
66
62
60
60
68
72
73
75
75
73
72
76
74
69
65
61
59
63
70
75
78
79
76
73
77
80
78
75
73
68
63
65
66
65
66
70
71
73
76
74
67
61
57
59
66
74
76
77
77
74
67
65
67
67
68
72
76
76
77
77
71
63
59
57
58
66
74
75
71
69
68
66
67
70
70
71
73
77
80
82
82
80
79
75
70
71
74
75
71
68
67
67
67
69
70
68
65
62
63
68
70
72
72
74
73
73
75
74
72
75
78
74
70
70
70
67
70
73
72
70
73
74
70
70
74
74
74
75
77
76
71
68
68
68
67
68
72
74
72
74
74
69
66
68
70
65
67
72
70
65
62
62
60
63
71
75
74
72
69
67
67
70
72
74
76
76
74
77
75
69
66
66
63
62
74
80
79
79
78
70
60
62
65
64
66
70
70
69
70
72
67
62
60
59
60
62
67
70
68
67
69
75
79
83
86
84
72
62
59
56
56
63
70
70
64
66
67
69
72
73
71
71
70
67
67
71
71
67
65
71
72
71
75
78
73
63
66
71
68
69
75
78
74
73
75
70
62
61
63
65
66
72
76
72
69
67
64
59
61
67
70
75
81
83
78
71
69
67
67
74
80
78
71
67
65
64
69
76
77
74
72
72
75
79
79
74
70
65
58
60
70
75
80
81
78
64
55
60
64
66
72
80
78
70
74
75
69
66
74
77
72
74
82
79
71
74
78
72
65
72
77
70
69
75
77
72
70
76
77
70
71
74
68
57
54
65
68
69
82
86
73
60
57
61
59
64
74
80
81
78
73
73
66
61
67
75
78
74
76
80
67
63
70
71
66
71
86
84
75
79
80
72
69
72
70
60
58
62
64
69
74
75
75
70
65
60
