87
78
70
67
72
75
69
76
70
64
65
71
73
71
70
68
62
66
71
72
74
71
70
65
72
76
74
69
67
61
56
66
76
75
61
60
66
64
72
81
84
71
59
72
75
72
75
77
73
64
68
75
71
73
75
67
58
61
74
75
68
65
61
57
62
80
88
80
69
60
55
57
72
85
81
72
66
61
55
65
75
74
61
52
53
59
69
76
79
76
63
58
60
60
61
71
79
70
62
69
70
63
62
69
64
57
73
76
63
60
72
72
60
71
77
67
63
70
71
54
59
65
60
61
73
81
69
73
79
71
59
57
58
56
61
69
73
69
63
59
56
65
67
65
67
73
71
64
68
76
68
61
67
70
57
56
69
68
62
68
75
68
66
71
72
63
61
63
59
62
66
70
66
67
74
73
71
70
71
70
68
73
73
72
67
63
65
63
63
65
69
70
70
69
67
62
57
61
65
67
66
66
67
61
58
63
68
70
70
68
65
65
74
82
80
73
63
53
51
61
69
72
76
78
71
60
60
62
63
65
66
66
66
67
68
68
70
74
76
76
76
72
70
69
70
70
