71
73
69
66
73
79
68
69
70
65
66
69
71
64
71
76
69
70
70
68
62
69
77
70
73
78
71
62
66
68
64
70
77
70
66
73
78
68
63
66
65
64
72
77
74
74
74
69
67
72
71
67
69
69
66
64
69
74
77
77
73
69
65
67
64
63
67
68
72
73
74
68
62
66
60
64
71
78
74
65
72
64
58
63
71
69
60
63
75
71
73
80
76
64
61
63
61
64
78
80
71
67
65
70
65
69
70
66
68
62
63
70
71
67
64
70
63
60
70
70
60
63
74
72
67
72
79
60
56
67
71
67
66
77
72
68
76
77
72
65
62
54
52
65
76
77
73
72
65
59
66
71
69
66
67
67
68
74
80
80
75
65
54
56
62
73
80
82
70
56
59
62
63
65
70
69
63
77
83
75
68
69
64
53
62
74
71
69
74
74
61
67
74
66
59
63
70
65
77
89
83
68
63
63
57
66
76
75
65
61
63
60
68
79
77
64
59
65
65
63
64
70
69
70
75
75
75
72
71
61
55
63
67
72
76
78
67
56
61
62
60
64
73
73
70
80
83
74
67
68
62
51
58
67
69
69
71
68
58
63
72
73
68
65
64
61
67
76
79
77
71
65
62
62
67
71
72
68
61
59
66
68
65
65
68
70
67
69
74
73
68
69
73
72
69
69
67
63
61
69
73
74
73
69
67
66
66
65
61
57
59
63
71
74
72
70
76
74
63
65
70
71
66
64
72
67
63
69
72
66
57
57
60
62
64
66
68
71
75
76
77
78
79
79
76
72
68
61
60
65
68
66
68
72
71
72
71
65
58
58
65
69
73
73
71
67
67
71
74
78
76
70
64
60
57
61
71
73
67
62
62
62
67
72
72
69
69
69
67
75
79
73
68
69
67
62
66
72
70
65
67
65
62
63
65
67
68
70
70
74
77
75
68
67
67
63
69
75
73
69
71
69
61
67
72
67
62
69
72
70
74
76
71
68
70
67
64
72
77
70
65
69
65
58
66
73
71
67
70
64
58
68
74
72
71
79
76
67
71
72
63
56
62
66
67
75
78
71
62
60
58
58
65
73
71
66
70
74
75
75
76
70
59
57
62
67
69
68
63
57
58
67
71
72
74
73
68
66
67
67
66
67
65
64
65
68
68
67
68
67
67
69
68
63
59
61
63
66
70
73
74
73
71
67
65
64
61
61
64
66
64
64
68
68
68
70
69
65
63
65
65
67
70
72
70
67
65
63
65
69
72
70
66
60
60
65
72
78
77
74
68
60
61
66
73
74
72
74
73
69
67
67
64
59
62
74
75
71
73
73
66
61
68
70
68
71
72
67
67
75
77
74
70
64
57
60
70
72
74
79
77
66
62
64
61
60
65
71
72
75
80
77
73
65
59
57
57
58
67
75
69
66
72
74
72
71
68
62
59
63
66
70
76
78
74
70
69
65
67
71
73
71
69
70
68
70
74
72
63
57
61
65
69
74
77
74
70
70
73
75
73
69
67
63
61
65
71
71
68
67
66
66
70
69
62
62
70
73
73
80
79
63
58
62
61
60
72
81
69
66
75
73
62
61
62
54
60
76
78
70
69
66
