85
79
82
84
73
61
79
77
70
76
84
76
63
75
75
70
79
88
81
65
76
73
65
69
74
71
64
79
81
70
66
66
60
51
62
76
75
78
83
77
64
70
83
81
80
86
82
66
68
80
74
70
80
80
62
62
75
68
64
78
78
61
64
79
74
68
81
79
64
69
78
67
56
66
63
56
68
79
69
61
68
58
54
68
77
69
67
80
72
68
79
82
68
62
67
60
62
74
74
64
65
66
57
60
70
70
66
72
73
66
66
71
71
70
72
71
65
66
67
66
67
66
61
61
66
64
61
70
74
68
70
74
69
64
72
77
71
71
74
68
63
69
69
64
65
67
62
62
71
72
71
77
76
67
67
66
60
57
63
65
62
67
72
70
68
71
63
56
65
73
76
78
81
72
65
72
77
73
70
73
64
57
66
73
70
69
71
61
52
63
77
80
80
77
68
56
60
69
73
74
74
70
65
68
73
72
68
65
61
57
62
74
81
80
78
72
64
62
65
68
69
73
79
81
82
83
80
70
63
62
63
66
68
72
73
74
75
76
77
77
76
73
71
69
68
73
72
69
65
66
66
66
75
80
80
75
71
63
55
58
65
73
79
82
78
73
70
68
66
64
61
59
58
59
66
73
77
72
