71
66
77
86
85
70
68
78
60
62
77
79
69
60
69
72
62
72
78
75
68
58
63
66
69
80
88
88
75
58
61
70
63
69
77
75
67
62
70
76
73
77
78
75
70
67
70
74
73
72
68
65
65
68
72
77
77
74
68
63
62
67
73
74
72
69
66
65
66
70
73
75
76
73
67
59
54
53
60
67
68
68
65
58
55
59
65
68
72
74
74
69
67
65
66
67
65
62
58
62
67
70
71
70
65
56
55
60
67
71
72
71
67
66
67
67
64
58
60
66
68
69
67
60
52
51
58
66
69
71
70
66
59
58
68
72
73
74
71
63
57
60
63
65
69
71
71
66
60
57
57
56
61
71
77
75
70
67
62
61
65
70
70
63
61
60
56
60
68
76
74
70
69
62
59
62
69
72
73
73
74
70
67
67
68
70
71
71
72
67
60
56
59
62
66
73
77
71
66
65
64
61
67
73
69
66
70
70
66
69
76
73
64
63
64
63
63
64
63
63
65
67
72
77
77
73
71
66
59
60
72
78
76
77
79
67
60
60
61
63
67
69
66
66
65
65
71
78
74
67
65
59
53
63
75
80
81
80
76
70
72
75
75
76
76
75
74
69
65
62
64
65
66
76
78
72
69
74
74
66
66
76
74
66
66
68
72
78
77
75
73
71
69
69
76
81
