54
57
56
50
56
63
67
66
69
68
60
61
68
68
63
67
69
62
60
69
73
69
74
78
72
69
75
79
71
72
76
72
71
76
80
72
72
77
74
74
77
77
71
71
74
72
71
72
70
65
66
69
70
72
70
65
59
63
68
72
76
80
78
72
71
73
71
71
73
73
68
67
73
72
69
71
74
70
70
79
78
72
71
70
62
60
72
76
71
71
74
69
68
78
79
70
67
69
67
70
80
81
76
75
77
75
74
76
72
66
63
63
67
73
80
78
75
75
71
71
76
79
74
70
73
73
73
77
80
75
70
72
76
74
72
75
74
71
70
73
74
71
73
76
79
81
79
74
70
67
67
72
76
80
77
74
73
73
75
77
79
76
71
70
70
71
72
76
76
73
71
72
74
74
75
71
68
70
74
77
77
76
73
69
70
74
79
81
81
77
70
67
68
74
77
77
73
70
73
78
83
85
85
81
77
76
75
75
76
77
74
73
76
76
73
73
75
74
75
79
79
76
76
76
72
71
76
78
75
76
79
80
82
84
85
78
73
73
73
74
74
73
71
68
70
73
76
78
77
78
78
78
77
78
78
75
73
71
70
69
72
72
70
67
68
73
74
75
74
70
66
65
72
77
82
84
85
85
85
85
85
83
82
84
85
84
84
85
85
87
89
89
89
88
87
84
82
81
76
77
78
75
72
71
71
71
78
85
83
78
75
72
69
74
77
75
74
76
76
74
80
82
78
75
77
75
71
75
77
74
73
75
73
71
76
80
74
72
75
72
72
79
85
84
83
86
84
80
82
83
79
77
82
80
79
82
82
77
73
77
74
70
70
70
66
62
67
69
68
73
76
74
69
71
71
69
73
77
75
71
75
76
72
74
77
73
65
63
67
64
66
73
75
71
70
75
70
67
72
76
76
74
81
87
82
85
89
87
79
77
80
75
78
84
86
82
79
78
69
69
73
74
71
71
78
73
72
74
71
64
64
71
70
74
80
81
74
70
73
65
62
68
70
67
68
76
75
69
73
74
67
64
69
71
69
76
78
73
69
70
71
67
72
77
74
71
71
73
70
71
73
71
70
70
75
78
79
80
78
76
73
70
74
75
74
74
74
72
71
76
79
79
79
81
78
70
69
69
68
68
72
73
70
71
70
66
64
65
70
73
80
82
79
75
71
67
65
72
78
79
78
76
71
65
69
73
75
77
77
76
73
74
76
76
76
76
73
69
73
72
70
70
73
75
74
77
78
73
68
66
68
69
73
79
81
77
73
71
67
64
66
71
76
77
80
82
77
75
74
73
71
73
76
77
76
73
69
66
69
74
78
80
78
72
65
66
71
77
82
82
75
68
65
66
72
79
82
81
81
81
78
79
81
81
80
82
82
79
79
78
73
66
67
70
73
78
78
75
70
71
73
77
81
81
78
75
73
73
75
80
81
80
81
82
82
83
84
81
79
80
82
83
82
79
71
66
64
67
72
76
77
76
76
72
70
71
74
74
75
78
78
77
77
76
72
67
70
72
73
76
78
76
77
81
83
82
79
74
67
64
67
71
74
77
75
70
68
69
70
73
75
76
75
74
75
75
