50
52
53
51
57
64
65
61
63
62
56
56
60
58
56
60
64
63
68
75
74
71
74
72
65
64
69
68
67
72
74
72
73
76
74
75
80
81
77
76
75
70
70
74
75
74
75
75
73
75
76
75
73
71
68
66
67
70
71
73
75
75
76
79
81
79
74
71
71
72
76
78
77
75
70
69
71
72
74
77
77
75
76
79
78
78
81
79
74
73
74
75
77
81
80
75
73
73
73
74
77
77
74
73
72
70
70
74
74
72
71
69
68
70
74
74
74
73
68
63
65
69
70
73
76
73
70
72
75
73
73
74
71
67
69
74
75
78
79
76
72
74
78
79
80
81
78
74
76
77
76
75
74
73
71
74
77
78
77
76
73
71
72
71
70
73
75
74
73
76
76
72
71
72
73
72
73
76
77
76
77
76
75
72
72
71
70
72
75
75
74
72
71
68
67
70
72
73
73
76
79
79
81
82
80
78
75
75
76
77
78
80
82
80
79
79
80
78
78
80
80
81
80
81
79
77
79
81
82
83
84
85
84
82
80
80
77
73
72
72
72
74
79
79
77
74
72
70
69
74
77
78
79
77
75
73
73
73
74
76
75
74
74
74
72
73
74
74
74
75
78
76
78
80
78
75
73
74
75
80
85
87
87
86
85
83
82
82
80
76
73
72
70
72
74
74
73
74
75
76
79
81
80
77
75
74
74
77
78
78
78
79
77
78
79
79
78
77
76
77
79
82
83
84
84
82
81
83
84
83
81
80
77
74
74
73
72
72
73
74
74
76
77
75
73
73
73
76
80
82
83
82
80
76
74
75
75
75
77
79
80
82
84
84
82
81
81
81
84
86
84
81
78
77
74
73
71
70
69
69
70
71
73
74
74
74
73
71
71
72
71
69
68
68
69
71
74
76
78
78
79
80
82
83
85
86
86
86
85
87
87
86
87
88
87
85
85
84
82
83
84
81
78
77
76
75
75
77
78
78
77
77
76
74
73
74
74
74
74
76
78
78
80
81
79
78
78
79
77
78
81
80
78
76
76
74
76
79
80
79
78
76
75
75
76
78
79
80
79
79
80
80
78
78
78
77
78
83
87
88
89
90
87
84
85
86
85
85
85
83
80
78
77
74
71
71
71
72
73
75
77
77
77
78
79
80
80
81
80
75
72
71
71
71
73
76
75
73
73
74
74
75
74
74
74
75
76
78
81
82
81
80
81
81
81
82
83
80
75
75
77
76
77
80
81
80
78
79
77
75
75
75
76
76
77
79
77
77
76
74
72
73
77
79
82
85
86
83
80
78
77
76
78
80
78
75
73
73
73
76
79
80
79
78
78
78
79
78
76
73
71
67
68
72
75
77
78
77
71
67
70
72
73
75
78
76
72
73
74
73
73
77
80
79
81
86
85
82
82
82
78
74
76
78
76
77
79
80
78
77
79
80
77
77
78
75
69
67
71
72
74
80
81
76
70
68
69
69
71
76
79
79
78
75
75
72
71
73
78
78
76
76
77
72
71
74
75
73
74
80
80
77
79
79
76
74
73
71
66
65
67
69
70
72
72
72
72
71
71
