52
54
52
56
64
62
59
60
60
53
53
60
58
55
60
64
61
61
65
65
60
63
64
61
60
61
61
59
62
67
72
74
72
72
72
68
69
72
73
70
68
73
76
75
78
78
73
68
70
72
71
73
76
75
75
76
75
73
71
69
69
69
71
72
75
77
75
75
75
75
73
69
71
72
71
72
75
76
71
70
71
69
70
74
77
75
72
71
74
72
71
75
75
74
72
72
71
68
70
73
74
76
77
75
72
72
73
72
74
74
71
68
68
70
69
73
76
74
73
75
78
77
77
77
73
70
68
68
71
72
72
70
67
65
65
71
75
73
73
73
71
70
75
78
76
74
73
72
72
77
83
81
77
75
75
76
80
83
82
76
71
69
69
71
73
74
72
69
68
67
70
72
73
73
73
72
72
73
72
71
70
70
71
70
73
74
74
73
73
74
73
73
71
70
69
69
70
71
73
71
71
72
72
72
73
74
73
73
76
77
77
78
79
78
78
79
81
82
83
84
85
84
84
84
84
82
79
78
78
76
73
75
74
68
67
71
72
72
78
81
74
70
71
71
70
76
81
80
79
81
79
75
77
78
74
74
76
73
71
73
73
69
72
77
76
75
81
84
79
82
87
85
82
87
88
78
77
81
81
78
82
84
77
76
78
76
74
79
81
76
77
80
78
75
78
81
77
80
85
82
78
79
80
74
74
79
78
74
75
76
72
71
76
76
75
77
80
78
79
82
81
77
76
76
72
72
75
75
73
73
73
70
74
79
80
79
80
80
74
74
78
76
73
76
82
79
80
84
83
79
79
83
81
77
81
80
77
75
77
79
76
78
76
74
73
75
75
74
75
72
71
71
73
76
77
80
80
80
81
82
80
77
79
77
75
75
76
75
73
74
73
70
69
72
72
74
79
79
78
75
75
75
76
83
87
86
83
81
79
75
79
79
77
74
74
76
75
79
81
79
74
73
73
73
80
83
81
77
75
73
72
76
78
77
74
73
73
73
79
81
80
79
79
78
76
78
81
79
79
80
81
79
79
78
78
76
76
81
81
80
78
74
70
69
73
75
77
77
76
74
73
75
74
74
73
73
72
73
75
74
74
75
75
73
73
76
75
76
77
78
77
76
76
75
76
79
82
82
81
82
78
77
80
83
82
81
82
82
79
80
82
79
77
77
78
79
81
82
78
75
73
71
72
73
76
77
78
78
76
78
79
80
80
80
77
73
74
75
73
71
73
73
72
75
79
80
80
81
78
73
71
73
74
75
79
80
79
77
77
75
72
72
73
72
72
74
75
72
70
68
67
67
71
77
82
86
88
88
88
87
86
86
85
84
83
80
79
77
73
71
72
72
72
73
74
72
73
76
77
77
78
77
72
68
68
69
71
77
77
75
72
72
71
72
74
73
72
71
71
70
70
71
71
74
77
78
78
79
77
73
74
76
76
75
79
81
79
79
81
79
75
76
77
75
75
77
77
75
79
80
77
74
73
72
69
70
71
73
76
78
75
71
71
71
72
75
77
75
70
68
67
67
69
72
74
74
75
76
74
72
71
70
67
69
75
80
80
79
77
73
70
71
74
73
