52
55
55
50
54
62
63
60
64
63
57
58
62
60
54
56
57
51
54
63
63
58
62
67
61
62
67
66
61
64
70
71
74
79
78
70
68
69
69
72
77
79
75
74
74
74
75
76
75
70
69
70
71
73
75
75
74
71
69
69
68
70
72
74
72
71
72
69
67
66
66
66
66
70
68
68
68
69
71
74
78
74
72
73
71
72
75
78
75
70
70
68
65
70
73
70
68
70
69
66
68
71
69
67
71
70
67
65
66
66
67
71
72
69
67
66
66
66
70
71
69
68
66
66
69
71
71
69
67
64
61
63
69
70
69
69
69
69
71
74
77
75
73
70
67
67
68
70
70
68
68
66
65
67
72
72
71
71
71
67
66
69
73
74
79
82
78
72
70
69
67
69
75
76
75
74
75
75
74
76
73
70
67
68
69
71
74
73
71
68
67
69
71
73
72
69
65
65
71
76
78
76
75
72
69
73
78
81
80
79
77
75
75
78
79
75
71
69
70
71
73
76
75
71
68
68
72
74
72
70
68
68
66
66
69
69
66
65
66
66
63
64
65
64
64
67
68
67
68
71
72
73
78
82
81
81
83
83
82
80
78
74
73
71
69
69
70
70
71
73
71
68
68
71
74
79
84
84
81
81
83
83
84
84
84
85
86
87
89
87
82
82
81
79
79
81
79
73
70
67
64
66
71
70
69
71
72
72
75
81
80
76
75
73
71
72
76
75
71
70
68
65
67
72
73
73
77
80
81
83
84
83
82
81
78
77
76
74
74
74
72
71
74
76
77
78
77
74
71
74
76
76
78
76
73
69
70
71
69
72
75
74
73
76
75
71
72
73
73
74
78
79
76
77
77
75
75
78
78
71
71
72
73
74
78
78
71
70
70
70
72
76
78
73
71
71
71
73
75
74
68
67
69
72
77
82
82
75
73
72
72
77
82
83
79
78
76
72
73
75
74
68
68
70
68
70
75
76
72
72
75
72
74
79
80
77
77
82
78
77
79
78
73
69
70
64
62
67
71
71
70
75
72
68
68
68
68
67
71
71
71
70
70
69
67
69
70
68
70
74
74
72
74
73
68
67
69
70
70
75
78
73
72
73
72
71
75
78
76
77
77
71
66
67
67
66
71
77
78
77
78
76
73
75
76
72
70
74
74
72
75
76
72
67
69
67
66
70
73
71
71
73
70
71
76
76
71
69
71
67
67
71
69
63
61
61
61
65
71
72
69
68
65
63
66
70
71
72
76
77
76
77
77
74
73
74
74
72
72
72
69
67
69
72
73
75
75
72
68
66
65
65
65
67
67
67
69
72
71
71
71
71
71
72
76
75
74
74
74
73
73
76
76
77
77
77
73
72
72
69
68
69
68
64
65
65
63
63
66
67
67
70
70
69
70
72
72
73
76
76
76
78
79
77
80
83
84
84
82
79
81
83
82
