50
54
53
54
56
59
60
57
61
60
60
61
62
60
56
60
58
59
63
65
65
61
64
62
61
64
64
65
65
70
67
66
70
69
70
74
80
77
77
81
76
69
71
76
72
73
80
78
71
72
76
70
68
74
73
70
74
78
70
67
71
70
65
70
76
72
70
75
76
71
74
77
72
67
70
71
68
72
75
72
65
65
69
68
71
74
76
70
67
71
69
71
74
79
75
70
73
71
70
71
73
71
68
73
72
72
75
75
69
67
70
70
72
76
78
72
70
73
75
79
85
87
80
72
69
65
63
66
69
68
69
72
73
70
70
74
73
71
71
71
69
68
72
71
69
72
72
70
71
74
70
64
66
69
67
69
74
73
69
73
75
70
71
77
77
72
75
77
71
70
75
76
73
78
81
78
81
85
83
78
80
81
75
75
78
74
71
77
79
74
75
78
72
68
77
81
78
79
84
82
74
78
80
77
74
74
74
71
72
74
75
74
73
75
76
77
77
80
80
76
78
79
80
79
81
85
82
80
79
76
72
71
73
71
69
68
65
65
69
74
77
79
79
78
78
81
81
79
81
82
82
82
83
80
75
74
74
76
83
86
84
77
77
79
75
78
83
86
83
81
86
85
81
81
78
73
69
74
78
78
77
74
69
66
70
74
76
79
83
81
80
84
88
89
90
90
89
89
88
87
86
86
85
85
85
82
78
78
79
77
74
74
74
74
76
76
74
72
72
71
71
76
76
75
74
77
80
80
80
80
80
81
84
85
85
83
82
79
73
74
77
76
76
74
71
68
68
73
76
78
78
77
75
73
75
78
80
78
76
73
74
78
80
81
80
76
73
71
74
75
73
70
69
69
72
79
81
78
75
73
71
70
73
73
67
66
67
67
68
74
76
73
74
78
79
81
84
82
77
75
74
73
76
79
75
66
68
71
70
72
78
76
70
73
80
82
83
85
86
85
83
81
73
72
73
71
72
75
74
70
71
72
70
70
70
69
66
71
77
79
79
76
71
66
70
75
77
76
75
72
71
73
74
74
74
73
70
68
78
81
81
82
83
80
76
76
80
78
77
78
76
76
77
77
79
76
72
69
70
71
69
71
75
74
75
78
80
73
67
65
67
68
71
75
75
74
72
70
71
69
66
67
72
74
72
73
74
71
70
75
79
78
78
75
71
66
70
75
76
79
76
73
70
74
78
78
79
73
67
69
72
73
73
75
69
61
64
69
73
76
81
76
68
68
73
73
72
75
72
66
69
76
77
77
80
77
71
72
74
74
74
75
74
70
72
73
72
71
71
72
76
83
83
78
73
69
64
66
74
75
72
74
76
73
75
80
75
68
70
71
67
73
80
77
70
72
73
70
74
80
79
72
69
69
70
75
82
82
78
75
70
71
77
77
75
74
73
70
68
73
74
72
74
76
74
71
72
72
68
66
67
69
72
74
76
78
75
70
72
75
75
73
72
73
72
73
77
80
80
80
83
85
84
85
85
80
74
72
74
77
80
82
80
76
75
73
74
77
74
70
68
68
66
64
67
69
67
68
75
76
75
74
72
69
63
68
74
76
76
72
67
62
62
67
71
72
68
65
64
67
71
75
81
82
79
76
80
80
