51
54
58
61
68
71
68
59
58
62
62
64
67
68
64
64
69
72
74
76
76
71
68
69
68
69
69
71
70
73
73
74
78
80
82
79
78
82
78
77
80
81
79
78
82
77
74
76
79
78
78
79
74
73
79
80
76
74
77
75
75
80
81
76
74
76
75
75
80
79
73
69
70
71
72
78
78
75
73
74
77
81
85
84
80
77
74
75
77
81
79
74
71
69
70
75
80
78
74
73
73
74
76
81
82
79
74
77
79
77
78
78
75
68
70
72
70
73
76
76
71
76
78
72
76
80
78
74
75
80
73
73
78
79
76
75
81
74
71
77
79
77
73
79
77
73
79
80
78
71
70
75
70
73
77
77
71
68
75
72
74
76
76
71
67
75
77
79
81
80
76
69
74
76
78
79
77
73
71
79
83
84
85
83
78
76
79
78
78
81
82
80
80
84
83
81
83
83
79
75
79
77
72
74
77
74
69
71
72
71
77
83
84
81
81
78
75
76
79
82
82
85
80
75
79
83
82
81
88
89
87
87
87
82
77
79
79
78
80
82
80
74
74
76
78
82
84
81
77
76
76
75
77
78
74
72
75
78
80
82
82
79
77
77
78
79
80
81
78
76
75
76
76
78
83
85
87
85
84
84
81
80
81
84
84
83
83
82
84
85
85
85
85
85
85
86
86
86
84
84
86
84
81
82
83
80
78
81
81
79
79
82
83
80
79
79
79
79
80
81
82
83
84
85
85
86
88
89
89
89
89
87
83
79
77
75
75
