62
51
56
65
70
72
70
72
71
67
74
77
78
75
73
75
73
72
77
81
82
80
77
79
77
75
77
77
76
73
67
72
69
68
73
77
79
76
73
78
76
76
82
86
84
79
71
75
73
71
77
80
78
72
71
80
77
77
82
82
77
72
72
78
72
73
77
76
74
71
73
77
74
76
80
82
79
73
74
72
71
77
81
80
76
76
76
72
77
83
82
76
73
74
71
75
78
77
73
72
74
71
73
77
76
73
72
74
73
75
77
77
75
73
76
76
76
77
78
78
75
73
77
77
77
77
80
80
76
77
78
75
75
78
79
76
76
80
79
76
75
78
75
73
75
79
77
75
76
75
73
74
77
78
77
78
78
75
74
77
80
79
78
78
75
73
75
77
77
77
79
78
77
79
79
76
74
75
75
72
75
75
75
75
79
82
81
83
81
75
70
69
72
73
77
80
80
79
77
81
83
84
85
84
86
87
87
85
79
74
74
73
73
74
78
77
75
79
77
74
75
77
75
72
74
76
73
75
78
78
76
78
82
79
80
84
84
83
85
88
84
79
80
79
75
77
81
82
80
80
79
78
79
78
79
77
77
78
77
79
83
88
88
86
86
86
87
87
87
85
81
77
78
80
76
76
77
78
76
77
80
76
72
73
75
74
74
79
82
81
82
82
79
74
73
77
76
77
79
77
73
71
75
74
75
79
80
77
74
77
78
75
76
79
79
74
73
75
71
69
73
76
76
77
77
76
71
68
71
73
75
76
76
78
80
81
84
88
89
89
88
86
80
76
73
