54
50
56
61
62
68
71
66
60
64
66
61
65
67
62
57
63
70
67
72
79
75
68
70
75
69
70
76
72
67
71
78
73
71
77
77
70
73
80
75
72
76
77
71
73
82
80
75
77
77
72
70
77
76
72
73
72
68
67
73
73
71
74
76
72
72
77
76
73
76
78
73
69
71
69
64
67
70
68
67
74
76
73
75
75
72
69
75
76
73
75
78
74
69
73
75
73
77
80
78
72
73
75
73
75
76
76
71
70
73
74
77
76
75
72
69
71
71
73
74
75
73
70
71
71
73
73
74
72
69
73
74
76
75
77
75
71
74
73
73
73
73
73
73
77
80
79
79
78
76
74
77
79
78
78
76
71
69
71
74
75
79
80
77
74
74
72
69
70
71
71
73
76
76
75
75
72
70
71
75
76
76
79
76
71
68
71
69
67
70
70
68
68
72
70
67
69
70
70
72
77
78
77
77
75
72
70
71
72
72
73
72
72
71
72
76
78
78
80
82
80
77
80
83
83
86
89
86
81
79
77
75
76
78
77
75
75
75
73
75
77
76
76
79
79
78
79
79
74
71
72
73
72
74
75
71
69
72
76
78
78
78
80
83
86
87
88
89
89
87
82
78
78
78
78
78
76
72
71
74
77
79
80
76
71
69
70
73
77
80
80
78
77
74
75
78
80
79
80
81
80
80
80
78
76
76
78
80
82
84
85
83
83
83
82
80
77
75
75
75
75
77
78
76
76
76
76
76
79
80
78
78
78
76
76
78
77
72
69
70
71
76
81
81
79
80
83
83
84
85
82
78
78
79
79
79
78
74
70
72
77
81
84
84
78
72
69
69
69
70
71
71
72
75
79
81
81
80
78
76
77
79
79
77
74
73
72
73
77
78
78
77
76
75
76
78
79
80
79
76
73
72
73
74
75
75
75
76
77
77
77
79
80
80
80
81
80
80
82
82
81
81
79
78
77
78
79
79
79
78
77
78
78
77
76
74
72
73
75
77
76
77
75
72
71
72
71
71
74
76
73
70
69
67
68
71
74
74
76
78
77
76
77
77
74
74
75
76
77
78
78
77
76
73
72
72
73
74
77
78
76
74
75
73
73
77
80
78
78
79
77
75
76
76
72
70
71
72
75
81
85
84
85
86
84
81
80
78
75
74
73
74
75
75
73
72
71
69
70
73
74
75
76
78
76
74
74
74
71
71
72
71
70
73
73
71
72
73
72
72
74
73
70
70
71
70
72
75
74
73
75
75
74
75
79
79
76
79
81
78
76
77
76
74
78
82
83
85
85
81
75
73
72
71
73
74
75
76
77
77
76
75
73
72
73
75
76
77
76
73
71
70
71
72
72
73
71
71
72
74
75
77
76
73
71
72
73
73
76
76
75
74
73
70
68
69
69
69
73
78
79
79
80
76
73
72
71
69
71
74
74
72
74
74
72
71
72
70
70
73
75
73
73
75
76
76
78
78
74
72
71
69
70
73
76
77
77
77
75
74
75
77
77
77
77
75
73
73
72
69
67
67
69
73
77
78
77
74
72
70
71
71
70
70
71
72
73
75
73
70
68
