52
56
53
53
54
57
56
57
62
61
60
59
59
60
59
65
68
71
72
71
76
72
72
73
77
79
75
73
70
65
67
73
76
75
72
76
74
74
79
79
73
65
67
72
68
71
75
74
66
64
73
68
71
77
77
70
65
73
73
71
73
73
67
62
69
76
74
78
81
78
72
71
74
72
68
69
68
68
70
71
72
68
67
69
73
78
79
81
78
74
72
74
75
74
74
71
69
70
75
79
79
79
75
69
66
67
68
71
76
74
68
66
67
69
74
79
76
68
66
70
71
74
76
73
65
62
64
67
71
75
76
72
71
72
71
69
70
71
71
72
75
74
74
73
69
69
68
65
64
69
72
69
70
75
71
68
72
74
68
66
73
73
72
78
80
73
66
70
72
71
80
85
81
73
74
73
66
70
76
75
71
74
76
72
76
80
77
69
65
65
62
68
75
77
73
70
71
67
68
69
68
66
65
70
71
72
74
76
76
75
80
86
84
81
79
74
69
69
75
75
75
77
76
75
78
85
86
86
84
78
73
72
75
73
71
73
70
67
67
72
73
71
75
76
76
76
78
77
74
76
76
76
78
81
81
77
75
75
76
78
78
78
75
74
75
78
80
80
79
78
78
80
84
85
86
84
80
79
79
79
78
78
78
74
72
75
75
74
75
77
76
76
82
82
80
78
77
72
69
73
71
69
73
79
80
83
89
85
79
79
81
79
82
89
85
76
76
78
70
69
79
79
72
69
73
71
67
75
80
77
75
79
78
73
79
84
83
80
79
81
74
72
77
78
77
76
79
75
73
77
82
84
82
83
82
77
78
79
78
74
73
74
72
73
74
76
74
71
75
74
74
73
74
74
72
72
74
75
75
77
77
72
70
72
74
76
77
77
73
68
70
70
73
77
81
80
76
75
73
70
73
76
76
75
77
77
73
75
76
73
71
74
80
78
80
80
76
73
73
77
74
73
76
75
73
72
75
73
74
79
80
77
73
73
72
71
73
75
73
69
68
66
64
67
72
75
73
74
75
71
70
73
76
73
72
76
74
70
73
76
75
73
75
76
72
73
76
75
73
77
79
76
78
80
78
76
77
80
82
83
82
77
72
66
64
68
75
78
78
78
75
71
70
74
72
69
71
71
69
69
73
73
71
73
75
72
70
69
68
68
68
70
70
71
71
69
71
74
74
76
78
76
71
66
68
69
69
74
76
75
73
73
74
73
74
76
75
74
71
69
71
72
71
71
74
75
72
72
73
69
69
73
74
69
68
70
68
69
72
75
73
71
70
68
64
64
68
71
70
71
72
74
75
77
75
70
67
66
68
71
74
73
69
66
67
69
71
76
79
77
75
74
71
69
70
69
66
66
70
71
74
81
82
78
75
74
69
68
75
79
77
78
81
77
72
74
75
75
78
83
81
76
77
77
75
74
75
75
72
74
75
75
75
74
71
67
67
69
71
75
78
76
73
71
69
69
70
70
67
64
64
66
68
72
75
72
69
71
73
73
75
76
72
70
71
72
72
72
73
72
71
72
73
72
72
71
73
76
78
78
79
80
78
78
79
81
78
75
75
