52
53
54
55
63
69
68
64
63
60
58
64
66
63
59
61
62
64
72
73
70
69
71
70
70
75
77
74
72
70
68
71
77
74
68
68
70
70
73
75
71
69
71
71
70
72
73
67
67
71
70
66
65
63
55
55
61
64
66
67
68
60
59
62
63
62
61
64
62
66
70
71
70
66
65
63
62
64
64
60
52
51
55
60
64
67
65
60
59
63
66
65
65
62
57
57
64
68
67
65
64
62
64
72
74
73
72
70
66
67
75
79
80
80
80
78
74
79
81
80
79
79
78
76
80
81
76
74
75
75
72
75
75
74
76
79
81
81
83
82
76
72
72
71
71
76
78
76
75
77
77
73
74
75
72
73
76
79
79
81
83
81
82
84
83
77
75
75
73
74
77
78
75
73
69
64
66
71
74
75
74
72
71
72
74
75
75
77
77
77
76
75
70
68
68
69
75
82
84
83
84
84
81
81
84
84
81
81
80
75
72
72
73
71
72
75
77
78
78
75
69
68
72
75
78
79
80
76
72
72
71
71
71
72
73
72
75
77
78
76
73
71
70
73
77
81
81
79
78
75
76
77
79
81
80
79
79
81
82
84
86
86
81
76
74
73
74
77
80
82
82
82
81
79
76
75
77
80
81
80
82
82
77
75
78
80
80
81
82
83
83
83
82
78
77
76
74
75
76
78
79
80
80
78
80
80
80
83
87
89
88
89
87
84
81
78
76
74
76
73
71
72
73
72
70
71
67
63
63
65
65
66
69
67
62
61
61
60
60
63
62
57
56
56
56
58
63
66
66
68
70
71
72
73
73
72
70
68
67
67
66
64
64
64
61
60
58
56
54
57
58
56
56
57
57
57
62
64
64
64
66
65
65
70
70
69
70
72
73
76
83
86
87
87
87
87
88
88
83
81
81
79
76
76
77
76
76
78
78
76
75
72
68
67
70
74
79
83
80
77
76
74
74
78
81
79
76
74
72
70
72
75
75
75
76
79
80
83
85
84
84
83
83
82
81
79
79
79
79
80
82
82
81
81
78
74
74
75
75
75
72
71
68
66
69
75
78
78
76
76
76
77
80
83
83
80
74
71
67
66
69
72
73
72
74
74
72
76
78
77
74
73
73
72
70
73
73
72
70
67
69
72
74
79
83
86
83
74
70
72
70
69
76
79
77
77
77
79
80
84
85
82
81
80
76
74
77
76
72
70
68
67
70
77
80
79
78
75
70
65
67
68
69
69
68
68
71
73
73
74
73
70
67
68
73
75
78
81
79
74
71
71
71
73
77
77
76
75
74
73
72
72
71
70
70
70
72
75
75
72
73
76
76
74
74
75
73
71
72
71
71
73
74
76
79
82
82
82
81
81
82
85
87
86
82
77
71
69
71
74
76
78
77
73
67
66
66
68
71
75
77
77
77
77
76
76
77
79
79
81
83
84
84
85
85
83
79
74
71
71
73
77
81
82
80
76
73
72
71
71
71
74
76
78
80
81
79
75
74
74
73
73
77
78
77
76
73
69
65
66
70
74
78
81
82
81
80
78
75
73
70
71
73
75
76
78
77
75
76
77
76
75
74
73
70
