52
50
53
56
55
52
60
60
57
58
60
56
51
56
57
57
61
66
65
60
65
65
63
65
67
67
65
71
72
69
68
69
66
63
67
72
72
73
75
74
70
73
77
77
77
78
77
70
70
74
71
70
74
75
70
71
76
74
73
78
77
71
72
76
73
71
75
75
70
73
77
73
68
70
68
64
68
72
69
67
70
67
67
73
77
76
76
81
78
76
79
80
76
74
76
73
73
77
76
73
72
72
69
69
71
71
69
72
72
69
69
70
71
71
73
73
71
72
73
72
73
72
71
71
73
72
71
74
76
75
76
78
77
75
78
79
77
76
77
74
71
71
70
67
66
68
66
68
72
74
74
76
76
73
73
73
71
70
71
70
69
70
72
72
72
74
72
70
73
75
76
77
79
76
73
75
75
73
72
73
70
68
71
73
72
72
74
71
69
73
78
78
77
76
72
69
71
75
77
78
79
80
79
80
82
81
79
77
76
74
76
79
81
81
81
79
75
73
73
73
73
74
76
76
77
76
75
71
69
70
71
75
79
84
86
87
87
88
88
88
88
88
87
85
83
82
81
79
77
77
77
77
80
81
80
79
77
75
73
76
79
83
87
89
89
88
87
86
85
84
83
83
82
81
82
83
83
80
