52
50
50
55
60
64
68
65
58
54
54
55
57
61
61
59
56
57
60
65
72
75
75
73
70
67
67
71
74
73
72
73
73
73
74
75
72
70
71
74
76
78
78
74
72
72
73
75
77
78
77
77
76
77
75
74
72
69
68
69
72
74
74
74
72
72
72
73
75
74
73
70
70
68
70
73
74
75
75
76
75
76
77
80
80
76
74
74
75
73
74
75
71
68
71
74
74
77
78
74
70
72
71
68
71
74
71
68
71
71
68
70
72
69
67
71
72
69
71
74
69
66
72
76
75
78
82
78
75
78
82
82
83
82
77
75
75
74
72
74
74
68
66
68
66
66
71
75
72
71
73
71
71
76
77
72
70
70
65
63
68
73
72
71
72
67
66
73
77
78
79
79
77
74
76
75
75
75
73
70
70
73
75
76
77
75
76
78
78
79
82
82
76
74
80
78
73
77
78
74
72
75
77
75
81
85
82
80
78
74
76
82
85
86
86
87
87
88
89
89
89
89
86
80
76
77
77
74
73
73
71
72
74
73
77
79
77
73
75
76
73
77
81
81
79
83
84
84
84
83
79
74
75
76
77
80
80
75
73
75
78
81
83
85
86
89
89
88
87
84
79
78
