54
51
51
52
50
52
59
66
61
60
61
58
56
58
60
56
57
64
67
68
72
72
69
66
67
66
66
71
72
73
73
73
74
73
72
72
72
73
72
76
77
73
69
71
73
73
80
85
83
76
71
74
71
74
80
81
75
67
63
66
67
71
76
79
75
69
69
71
70
74
77
74
71
72
71
70
70
73
70
66
70
71
67
67
69
66
59
59
62
57
59
64
64
60
63
68
64
65
70
72
68
69
70
67
63
65
69
70
71
70
66
64
66
68
66
66
68
70
70
73
75
74
73
70
68
67
70
73
75
76
73
71
71
74
78
79
78
75
76
77
78
76
71
67
62
63
66
71
76
78
77
72
70
66
64
64
66
67
64
64
67
71
71
71
71
69
73
78
80
78
75
71
63
63
71
75
77
81
82
75
74
77
75
70
74
78
75
76
81
81
76
79
81
76
72
73
74
70
70
72
69
68
69
69
67
71
75
73
71
72
70
64
67
71
67
64
66
67
63
66
72
72
70
72
73
70
71
75
75
74
78
81
82
81
80
79
78
78
75
70
70
70
68
72
77
78
75
75
74
73
78
84
87
87
86
86
87
88
89
90
90
88
87
84
80
81
81
