51
51
53
59
64
66
65
64
62
61
64
64
63
62
63
63
68
73
73
71
68
66
62
65
72
74
75
76
77
75
75
78
77
77
76
76
73
73
76
74
74
74
74
72
71
74
75
77
78
77
75
73
74
72
72
70
68
69
71
75
74
75
75
72
71
72
75
74
74
73
70
70
73
75
76
75
72
68
69
71
73
77
77
72
67
68
71
74
77
77
72
68
67
71
74
78
79
77
75
75
76
76
76
74
69
68
69
72
72
70
69
67
67
71
80
85
83
81
76
70
67
71
71
67
68
70
71
72
78
79
74
70
69
69
70
76
79
76
74
73
71
72
76
79
79
77
76
74
72
71
73
73
72
71
71
72
73
77
79
79
79
79
79
76
75
73
71
70
71
74
74
77
80
78
74
72
74
75
77
81
80
76
72
72
70
72
77
81
82
79
79
76
75
76
78
78
77
81
83
86
86
84
81
77
78
77
78
78
75
72
70
72
73
77
80
80
77
75
75
75
77
80
81
80
80
82
81
83
84
83
81
81
83
83
83
81
78
72
71
74
76
79
80
79
76
77
81
83
85
86
86
82
80
81
80
79
76
73
72
72
75
78
80
78
76
77
80
83
86
88
88
87
87
87
84
83
84
83
82
80
79
80
80
82
81
82
80
77
75
76
77
76
75
75
77
79
83
87
88
89
89
89
86
80
76
73
71
70
71
69
67
67
67
65
66
71
73
76
80
81
79
77
79
79
78
78
78
77
77
78
76
76
75
74
74
76
78
78
78
77
75
74
76
79
80
83
85
83
79
77
75
74
76
78
78
77
78
79
79
79
78
76
76
80
80
78
75
72
66
64
70
76
79
81
81
74
69
70
72
71
72
74
73
70
72
75
73
72
71
69
68
70
71
69
68
67
65
67
72
72
68
69
68
66
69
74
73
72
75
75
71
71
73
71
69
74
79
79
78
76
70
65
68
73
77
80
80
76
73
74
75
74
74
74
72
71
74
76
76
73
69
64
63
65
70
74
76
77
76
75
73
73
73
70
66
65
66
67
70
72
71
70
70
72
70
71
72
72
72
74
78
80
81
80
77
72
68
70
72
73
75
75
72
67
66
67
66
69
72
74
74
78
81
80
80
79
76
72
71
71
72
75
77
78
79
77
72
70
72
73
73
73
75
74
74
76
76
73
73
74
74
74
76
74
70
67
67
67
68
72
77
82
87
89
89
89
88
84
80
79
75
71
74
78
78
75
74
73
71
72
76
75
74
74
75
73
72
76
79
81
81
80
76
72
72
74
75
76
79
81
80
80
78
76
73
75
79
77
77
77
75
72
73
77
76
76
78
80
78
76
79
75
72
73
75
73
70
73
73
68
70
73
73
71
74
78
77
78
81
79
74
73
74
70
71
76
77
75
74
77
73
73
79
81
80
83
88
85
84
86
84
80
80
82
80
78
79
78
75
75
76
74
76
79
80
81
81
80
78
77
77
77
78
80
81
83
85
84
80
79
79
78
81
82
80
76
75
74
72
76
78
77
75
77
77
73
73
73
68
67
71
74
76
81
82
80
78
78
75
71
71
70
68
69
