55
51
52
59
62
61
69
72
66
63
66
67
64
67
67
61
61
69
74
76
84
86
80
78
79
76
71
75
80
79
82
84
79
72
74
73
70
73
80
79
77
79
77
71
72
74
72
72
76
76
76
80
84
83
83
83
78
73
74
77
80
82
81
80
77
76
77
77
79
78
78
75
72
72
73
73
71
69
66
62
62
67
72
72
73
73
68
67
69
69
67
69
70
67
66
72
75
75
76
78
75
74
77
80
80
81
80
77
73
73
71
71
73
76
76
75
78
77
76
76
74
70
70
71
70
71
74
76
74
76
80
80
79
81
81
77
78
80
79
77
79
82
81
81
83
84
82
82
81
79
78
76
73
73
73
74
76
80
83
80
76
73
70
70
73
77
77
75
73
72
73
75
76
75
74
73
72
74
76
76
74
73
72
72
73
75
76
77
76
75
71
70
69
69
69
71
75
79
80
78
75
72
70
70
70
72
76
79
81
81
79
79
80
83
85
86
87
86
87
88
86
83
80
79
77
76
78
80
79
77
74
70
68
70
73
75
77
78
77
77
78
79
78
78
78
77
77
77
79
78
77
77
80
80
80
80
81
81
81
81
80
78
76
74
72
73
75
76
78
81
82
83
83
82
78
73
71
72
74
76
75
74
72
73
76
81
86
87
89
89
89
90
90
90
89
89
87
85
83
79
