50
53
56
56
62
69
68
64
65
62
58
58
61
61
60
64
66
68
74
78
74
69
68
68
70
76
79
77
74
75
73
74
77
78
76
74
76
77
78
79
78
75
72
73
75
78
80
79
77
75
73
73
73
72
69
66
68
72
75
77
76
73
69
69
75
77
77
79
79
77
75
76
73
69
68
68
66
67
72
74
71
71
69
64
61
62
61
59
60
59
57
59
63
65
64
66
66
65
65
66
64
63
64
63
62
64
67
69
72
76
79
78
78
77
74
74
74
76
76
76
73
71
71
74
75
78
79
75
70
69
68
68
71
75
74
73
74
75
74
75
77
75
73
76
78
78
78
79
78
75
75
76
74
74
76
77
77
77
78
76
73
73
73
74
77
77
75
71
65
63
67
72
72
72
76
76
74
76
78
75
71
71
74
75
77
81
81
77
74
74
75
76
77
77
74
70
69
70
69
68
67
68
70
73
78
81
79
75
72
68
68
71
73
72
72
73
74
77
83
86
86
84
82
79
77
78
80
78
76
76
74
74
74
73
73
74
77
77
77
77
77
75
72
73
74
76
79
80
77
74
74
73
72
74
76
75
76
80
80
80
79
77
75
74
77
76
77
80
80
78
78
81
80
80
81
81
76
74
74
71
70
71
71
69
72
76
76
76
79
80
78
78
80
79
79
82
85
86
86
86
84
82
82
82
79
77
76
75
77
77
78
76
75
74
72
74
76
80
81
81
80
78
76
75
76
76
76
75
77
75
72
73
72
72
72
76
79
80
85
87
87
86
87
86
84
85
84
81
77
76
75
75
79
81
81
78
77
72
70
71
71
74
77
79
76
78
83
83
84
87
89
84
81
83
80
77
78
80
75
75
79
79
79
82
83
78
74
76
72
73
79
83
78
75
79
74
70
76
80
77
75
79
77
70
73
79
77
73
75
75
69
72
79
81
79
81
83
76
77
82
82
82
83
87
81
76
77
77
74
72
76
75
75
80
83
80
77
78
77
73
76
77
75
72
73
75
70
72
75
73
71
73
78
76
79
84
80
74
71
71
69
72
79
81
77
76
76
73
73
77
76
73
70
71
71
73
79
79
76
75
75
74
76
82
84
80
78
75
73
71
76
78
78
79
78
79
78
79
79
76
74
72
73
73
77
81
79
76
72
73
71
71
75
75
73
70
74
75
74
78
79
76
72
74
76
72
75
78
76
70
68
73
71
73
78
81
78
75
78
75
72
75
78
76
73
76
79
72
73
75
72
68
68
73
71
72
74
73
72
71
75
75
75
79
79
78
75
76
77
75
77
78
80
79
80
81
79
78
76
74
72
71
76
76
77
78
78
76
75
79
78
76
76
75
73
71
74
75
74
74
74
72
71
75
77
76
77
76
73
70
74
78
78
81
82
80
76
77
80
78
76
75
72
70
74
79
80
78
75
71
68
70
74
77
78
77
75
73
75
78
78
76
74
69
67
71
77
80
80
76
72
71
76
83
86
87
84
79
74
73
75
76
78
79
79
79
81
82
81
80
78
74
73
76
78
78
77
76
73
70
72
74
76
76
77
73
69
68
69
