51
55
57
56
58
63
63
64
67
67
67
65
63
61
61
65
64
66
65
63
64
66
70
69
68
68
65
68
73
76
73
71
70
68
69
73
78
77
74
73
72
73
75
80
80
78
74
70
68
67
70
73
75
76
74
71
71
72
71
72
74
73
71
72
76
76
77
79
79
73
67
68
72
74
77
80
78
73
70
68
67
68
71
73
74
76
77
80
81
79
76
73
71
70
72
75
75
72
69
69
68
69
72
73
71
69
68
69
72
75
75
76
77
76
75
73
72
71
72
75
79
83
84
81
73
68
68
68
71
73
73
69
65
66
69
75
79
79
77
76
75
74
73
73
71
69
69
71
71
73
78
78
73
71
70
66
66
69
69
69
74
79
78
76
77
77
76
76
78
77
76
76
75
75
76
79
80
80
79
77
75
73
72
72
73
75
75
76
74
72
71
74
77
80
85
86
84
81
76
73
74
78
77
74
75
76
75
75
76
72
69
71
73
74
76
81
84
85
86
84
82
81
78
76
78
80
76
72
72
71
69
72
75
74
75
78
77
73
75
78
76
75
76
76
74
78
84
85
83
81
79
78
78
79
78
80
83
81
81
82
80
78
79
81
79
77
80
80
78
81
85
85
84
86
84
80
78
79
77
75
77
76
76
81
83
81
80
80
76
73
76
82
82
84
88
85
80
79
77
73
70
75
77
79
84
85
82
81
81
76
74
76
75
73
76
79
76
75
77
77
75
77
82
79
78
79
75
68
66
71
73
78
86
90
88
88
89
85
85
83
79
76
80
85
82
79
79
76
71
73
76
74
73
75
73
71
78
84
85
85
84
81
76
75
77
77
76
75
73
72
76
79
80
78
77
75
73
76
80
82
82
83
81
76
73
70
68
67
71
74
75
76
76
73
71
73
76
76
76
77
78
76
75
78
80
82
84
85
86
86
85
86
85
84
82
78
76
79
83
85
86
84
79
74
72
73
74
75
75
73
71
74
74
72
71
71
70
70
74
76
75
75
77
75
74
76
76
72
72
73
71
69
72
72
70
71
73
72
72
77
79
77
77
79
78
75
76
75
73
72
72
74
76
77
75
74
75
77
75
75
76
76
77
77
79
81
82
80
76
73
70
69
69
74
78
80
79
75
71
68
67
69
72
74
76
79
80
82
80
78
75
70
65
63
63
65
69
74
77
78
78
79
77
75
74
72
73
75
77
79
78
75
72
72
73
75
75
76
75
73
73
74
75
73
73
73
73
78
84
86
85
82
79
73
71
73
73
72
73
74
76
81
86
86
82
78
72
65
63
68
73
77
80
81
78
76
75
75
73
71
68
67
72
79
82
80
75
70
67
68
73
79
80
79
76
76
76
77
75
72
69
66
68
73
78
80
78
76
74
74
74
77
78
79
80
79
79
78
77
72
68
68
69
71
72
77
78
75
75
76
78
77
78
78
76
73
75
80
81
79
75
70
67
68
76
79
77
77
75
74
76
79
78
75
74
74
76
81
86
85
81
80
75
72
76
81
79
73
75
77
77
81
84
80
72
70
68
65
70
74
72
69
72
77
77
78
79
74
68
