55
50
56
56
51
55
62
62
58
61
61
55
58
63
61
57
61
65
60
66
71
69
66
66
66
60
64
69
69
69
70
73
71
73
74
70
69
72
76
75
78
78
72
68
67
72
73
76
78
73
70
68
71
68
68
68
66
65
67
73
73
72
69
67
66
68
75
74
73
73
73
72
72
77
75
72
71
71
71
73
77
75
71
70
72
73
76
82
81
78
77
77
76
75
75
73
71
72
73
74
74
72
68
68
72
74
74
73
71
67
66
72
76
76
75
73
69
67
69
72
71
71
72
70
70
73
75
75
75
74
73
75
76
73
71
72
69
69
74
79
78
75
78
74
70
73
76
72
67
69
68
68
73
77
75
70
70
68
71
78
80
77
72
73
70
69
74
73
69
69
72
71
74
78
76
68
65
67
67
71
76
75
69
70
72
72
73
74
70
65
68
73
74
74
73
68
64
66
69
71
74
76
75
74
77
80
78
76
74
71
72
77
80
80
79
78
78
82
88
89
85
82
78
72
70
73
73
70
71
73
72
72
76
75
72
73
75
75
75
78
76
71
73
75
75
78
83
83
79
81
83
79
75
77
76
72
77
83
82
79
79
78
72
75
82
83
82
79
76
73
74
76
77
78
78
78
78
80
78
77
75
75
74
73
79
82
83
83
84
83
81
82
81
79
76
77
78
78
80
81
80
77
78
80
79
79
79
80
76
77
77
75
75
76
76
72
73
72
68
67
72
74
71
75
79
76
74
75
72
68
73
77
76
76
80
78
73
78
80
75
72
74
69
64
68
70
66
67
73
75
74
80
82
79
80
83
81
78
83
84
80
81
82
81
78
79
78
76
78
78
76
73
73
70
67
70
70
69
69
71
68
66
70
70
69
72
76
75
74
77
75
71
71
74
72
70
74
74
71
71
75
73
71
73
73
70
69
73
73
71
73
74
74
73
77
78
77
77
75
71
66
70
74
75
79
81
81
77
81
84
82
83
85
82
77
79
79
76
76
78
76
71
76
77
75
76
78
74
70
74
73
69
72
74
70
66
71
70
68
70
73
71
68
73
72
71
76
80
75
72
77
74
73
77
82
79
76
77
73
70
72
75
73
71
75
72
71
74
77
74
71
73
73
75
79
83
81
79
79
78
79
80
82
80
78
79
76
77
78
75
71
71
74
72
73
74
71
66
66
70
69
71
73
72
69
70
72
70
71
71
69
65
67
68
68
70
69
68
68
73
77
78
78
75
71
67
67
69
69
71
69
66
67
71
72
74
76
75
73
76
81
79
77
78
75
70
68
71
72
73
75
75
73
72
73
72
71
71
72
72
73
75
74
74
76
74
73
73
74
72
71
72
70
70
70
71
70
70
72
71
69
69
69
68
67
68
69
72
73
72
70
70
71
70
71
72
73
75
77
76
75
75
76
77
80
82
81
79
79
77
76
77
78
78
75
74
70
68
71
73
73
73
76
74
72
75
76
74
73
77
77
77
80
80
76
73
78
78
78
82
82
75
70
70
66
66
71
74
72
73
76
74
74
77
77
75
78
82
78
78
81
80
75
76
78
73
73
76
75
