51
51
56
57
60
61
58
65
65
61
57
57
57
52
56
66
67
66
67
67
59
58
66
63
60
60
63
61
61
70
69
69
69
63
57
57
63
63
66
73
69
61
63
66
62
63
70
70
63
65
66
60
59
64
65
60
65
65
57
57
62
63
59
66
66
61
62
64
63
60
68
70
68
70
71
69
62
64
60
55
55
54
53
50
54
56
58
64
64
64
62
63
63
64
68
66
65
64
61
62
64
65
59
59
62
60
61
65
65
58
56
58
51
53
63
68
66
69
74
63
60
65
63
55
53
61
55
57
66
65
59
56
61
55
57
70
76
73
69
71
64
62
69
71
68
65
65
60
61
71
78
84
87
89
85
79
77
77
77
77
78
81
78
78
82
84
85
85
84
82
82
82
83
83
80
74
73
73
70
65
62
64
63
66
71
74
73
73
79
78
78
79
77
68
60
68
66
65
71
78
73
67
77
76
70
73
76
68
60
73
76
74
81
86
78
65
69
71
66
75
86
84
75
78
79
69
72
75
69
61
65
69
64
68
74
69
63
63
66
65
64
70
68
66
63
66
72
74
79
79
76
72
76
87
89
89
88
88
88
89
89
88
87
82
78
79
81
84
88
89
88
87
87
87
85
