53
51
58
63
56
54
57
54
50
56
62
59
59
62
61
56
61
65
63
62
64
62
56
58
60
58
58
61
61
59
63
66
65
66
66
67
66
68
70
71
72
71
74
77
81
81
82
82
77
74
76
77
76
77
78
73
72
76
79
78
79
79
73
71
74
75
74
77
76
69
65
64
63
65
72
76
72
71
70
64
60
61
61
55
55
56
53
53
59
64
62
63
62
56
53
57
61
61
64
67
62
58
60
63
61
62
63
57
52
55
60
58
58
62
60
57
58
60
57
56
60
58
57
59
62
61
63
67
67
66
69
70
69
66
66
65
63
64
67
66
64
63
63
64
68
76
82
84
85
79
71
67
68
68
70
73
73
71
71
75
78
79
79
77
74
73
75
76
74
73
72
71
72
74
75
72
71
71
69
69
72
76
75
72
74
74
72
76
81
80
77
77
77
73
73
75
72
66
64
69
68
71
75
75
69
66
72
73
74
79
80
76
73
77
78
77
77
78
74
70
71
76
75
75
75
73
70
69
70
68
66
67
71
74
78
80
79
73
67
65
65
66
68
70
70
69
70
71
70
67
66
66
68
73
76
76
74
71
67
65
70
75
77
78
76
71
64
66
71
72
72
73
71
67
69
73
75
75
77
78
75
76
77
75
74
74
73
67
67
69
71
72
72
73
70
69
71
72
72
73
76
75
74
75
74
72
70
72
73
71
70
70
68
66
67
72
72
74
78
81
78
76
79
78
74
75
78
76
72
73
75
73
73
78
77
73
71
70
69
70
77
82
85
88
90
90
90
89
87
87
87
88
88
88
85
86
88
89
86
83
82
82
85
85
86
86
86
87
88
89
88
87
85
82
77
73
71
