51
54
50
55
60
57
57
60
60
62
64
65
61
59
63
63
66
71
74
71
66
70
71
70
73
75
71
68
74
75
70
72
74
71
68
73
75
68
70
73
71
65
67
68
59
57
60
61
61
67
73
65
62
65
65
63
65
70
67
66
71
72
70
71
73
65
63
68
69
67
68
70
63
60
67
71
73
75
75
69
67
73
75
73
72
73
68
65
70
73
72
71
71
70
69
72
74
71
68
67
65
66
73
77
75
72
70
67
65
68
68
66
64
66
71
72
71
70
69
68
67
70
74
77
78
74
70
65
65
71
68
68
70
73
72
69
70
65
63
65
69
72
72
71
70
67
68
70
73
76
74
72
67
64
65
70
75
75
75
73
66
65
66
70
70
73
75
72
71
71
73
74
75
73
68
67
68
69
71
70
68
65
67
69
70
71
71
69
67
69
70
72
75
75
72
68
67
64
65
71
72
71
70
70
67
66
71
70
69
71
72
71
70
74
68
63
66
68
66
66
72
69
65
71
75
72
70
74
71
67
72
75
71
70
72
70
68
70
72
68
66
64
65
70
77
79
79
81
76
72
74
79
79
81
87
88
86
85
83
81
81
82
83
84
84
80
76
79
76
74
75
75
70
67
66
63
64
65
63
63
69
73
73
79
82
77
71
74
75
68
69
70
68
64
66
72
73
76
77
72
67
65
68
73
77
77
77
75
73
74
78
78
73
72
76
79
81
82
78
70
65
68
74
79
80
76
71
69
71
75
79
79
74
73
72
73
79
85
82
73
70
70
71
77
86
85
76
74
75
76
80
87
84
76
75
77
75
77
81
77
72
75
78
76
76
80
78
74
80
81
78
75
76
71
69
79
83
78
76
75
69
70
81
85
80
81
81
74
73
82
82
74
73
74
71
74
81
81
75
70
67
70
76
81
81
83
82
78
80
86
87
82
83
85
86
85
84
80
79
80
76
73
79
80
77
77
79
75
71
76
80
80
80
78
71
67
71
75
78
81
83
78
76
77
79
81
83
84
84
81
80
80
73
69
77
83
79
72
70
69
65
72
79
77
70
68
70
69
73
77
69
63
66
69
68
77
86
81
72
71
71
66
72
83
79
73
75
79
75
77
84
82
78
80
80
76
76
80
79
78
81
82
79
77
77
73
72
76
78
75
74
74
70
71
75
78
77
78
79
76
76
81
85
87
88
89
89
90
89
85
84
83
83
83
83
82
78
