51
50
52
55
56
55
53
57
56
55
56
57
58
56
60
61
57
55
57
61
60
64
71
69
66
67
68
62
62
69
69
68
70
73
71
69
74
74
72
72
72
71
69
72
71
69
71
73
72
70
70
71
73
74
73
72
68
65
64
65
64
64
68
71
75
80
82
77
69
66
61
61
68
73
73
70
70
66
64
69
72
68
65
66
63
62
70
75
72
69
72
69
66
72
74
71
67
71
72
69
73
75
71
65
64
66
62
66
70
68
64
64
69
64
67
71
71
68
64
69
64
63
66
67
65
63
68
66
63
66
69
66
64
68
69
66
72
77
74
72
73
72
64
66
69
66
64
66
69
66
69
73
72
69
68
70
69
71
74
73
70
66
66
66
65
67
68
68
66
66
71
70
72
73
73
69
67
73
71
70
73
73
69
66
74
74
69
72
73
69
65
71
71
64
66
71
71
71
76
78
72
73
78
78
78
79
80
72
70
72
73
73
73
73
69
68
71
74
75
76
81
84
84
84
83
80
74
71
76
74
73
74
74
70
71
81
82
83
88
89
81
76
83
82
81
86
89
86
84
82
80
78
83
80
77
81
84
81
79
83
81
75
78
79
72
67
71
72
69
76
81
81
80
80
79
78
82
86
86
85
82
79
80
79
75
72
69
72
72
75
77
76
75
72
75
77
79
82
82
83
84
84
83
80
79
79
79
80
83
82
82
82
81
77
74
78
77
77
79
78
73
72
77
76
75
76
75
70
70
76
78
79
82
84
85
85
83
82
82
82
82
83
81
78
74
