53
51
55
60
60
56
57
63
58
61
68
70
66
61
64
63
58
62
65
63
62
59
62
66
69
75
79
79
74
66
67
70
68
72
77
78
76
75
76
79
79
81
81
80
77
74
75
75
74
73
71
69
68
69
71
73
74
73
72
70
70
71
73
73
71
69
67
66
67
70
72
74
75
74
72
70
68
69
71
74
75
75
73
71
70
72
75
77
78
79
77
75
74
73
73
72
71
70
68
71
72
74
75
73
71
68
66
67
69
71
71
72
71
71
73
72
70
67
67
69
69
70
70
68
65
65
68
72
74
75
75
73
69
68
72
73
74
75
74
71
68
68
69
69
71
72
72
71
69
68
69
69
72
76
79
79
78
77
75
74
74
76
76
74
73
74
73
74
77
79
78
76
74
72
70
72
75
77
77
78
78
77
76
76
77
78
78
78
77
76
74
73
76
77
80
83
84
82
80
80
80
79
81
83
81
79
81
82
82
83
85
82
79
78
77
75
73
72
71
71
72
75
78
79
79
77
77
75
73
75
79
81
80
81
84
83
82
82
83
83
84
85
85
84
84
83
83
83
79
76
75
73
71
74
80
83
85
87
87
87
88
89
90
90
90
89
88
85
83
81
81
80
80
83
84
83
83
85
85
81
81
85
85
85
86
87
88
89
89
89
88
87
86
84
86
87
