56
53
51
51
50
52
57
60
62
64
63
61
61
62
58
56
58
57
57
60
64
64
64
69
68
66
69
71
68
67
72
71
67
72
76
73
70
77
76
70
75
78
73
69
75
73
69
77
81
76
73
77
71
66
73
76
71
69
77
72
69
77
81
77
76
83
76
70
75
74
67
65
74
68
66
75
78
72
70
76
69
65
73
75
71
69
79
74
70
77
79
75
71
78
74
69
75
77
71
67
73
71
67
74
77
72
67
72
73
70
76
79
74
68
69
70
68
73
77
73
70
70
70
69
70
73
71
70
73
75
76
74
72
68
66
66
68
70
70
70
70
70
72
72
76
75
72
71
72
74
74
75
73
70
70
73
75
74
75
74
71
71
74
75
74
74
73
69
70
76
80
79
78
75
69
68
73
76
76
77
78
73
72
76
76
75
76
79
76
76
78
77
74
74
77
76
76
79
81
81
81
83
80
78
77
76
73
72
75
76
75
74
74
74
76
79
79
79
78
77
73
72
76
79
79
78
76
75
74
79
83
86
84
83
82
78
77
80
82
80
80
82
80
78
81
82
77
73
74
76
77
83
87
84
79
75
73
72
76
78
76
75
77
79
79
82
80
76
75
77
78
78
83
81
75
71
71
70
69
75
78
78
78
80
82
81
81
78
74
73
72
73
75
77
76
75
75
74
72
73
75
76
79
82
82
81
80
78
74
74
76
76
76
80
82
79
80
82
79
74
75
76
72
73
77
75
71
75
78
76
77
80
78
73
74
79
76
75
76
73
68
71
77
78
79
82
79
73
73
77
77
78
80
79
77
81
84
81
80
79
74
70
75
77
76
77
79
76
75
79
80
75
72
70
68
68
73
74
71
69
70
69
71
75
77
73
70
68
65
67
71
73
72
73
73
72
72
76
77
76
76
73
68
66
66
66
66
68
69
68
68
69
70
71
74
74
70
68
69
71
72
73
74
72
71
73
75
77
81
81
79
79
79
80
81
83
81
77
77
78
78
77
81
80
77
76
77
74
71
73
72
69
70
74
74
70
71
69
65
66
71
71
69
73
73
68
67
71
69
66
71
72
70
73
79
79
78
82
82
77
75
76
74
70
75
78
74
73
73
69
65
70
74
76
78
79
76
70
72
72
69
69
71
71
68
71
74
73
72
75
77
74
74
76
73
69
70
72
69
70
71
70
66
68
72
71
73
75
74
70
72
75
71
70
72
72
70
73
77
75
75
74
72
70
71
73
72
75
77
75
74
74
71
66
68
70
70
73
76
75
70
72
73
71
71
74
74
69
73
79
81
82
83
83
78
78
79
78
77
76
77
77
81
84
83
80
75
73
71
75
80
83
83
80
78
74
73
75
77
76
75
76
74
73
72
72
70
69
72
73
75
76
75
74
72
74
75
78
80
80
79
78
78
77
78
78
75
73
72
69
67
70
72
73
76
78
76
71
68
67
67
69
73
75
75
74
73
73
73
72
72
73
75
74
75
77
75
74
75
76
76
79
80
80
78
78
79
81
85
87
85
84
84
84
86
89
89
85
83
80
80
83
85
82
81
82
82
82
85
