51
50
51
53
55
55
57
59
60
60
61
64
62
61
63
65
61
61
63
64
65
69
72
68
66
67
64
61
63
64
63
67
73
75
76
78
78
75
77
81
82
81
80
77
74
73
76
81
85
86
83
79
75
73
77
81
79
75
73
69
67
77
84
84
79
77
72
68
72
76
75
70
72
70
66
73
79
78
73
75
72
64
69
74
73
69
69
72
70
74
77
75
72
69
72
72
75
78
77
78
75
73
77
79
79
77
77
72
64
66
68
69
71
77
77
70
70
76
72
73
79
79
71
66
68
66
65
72
76
73
72
74
76
73
75
73
70
67
62
60
66
69
70
73
78
78
76
81
82
78
77
78
73
66
69
74
74
76
80
79
73
73
73
72
75
79
80
77
78
77
73
73
72
70
70
74
76
76
77
75
73
79
86
85
82
79
73
67
70
78
80
78
77
74
68
71
77
80
81
83
82
77
77
80
80
81
85
85
82
85
85
80
75
73
69
67
73
80
82
81
79
75
69
71
73
75
79
82
80
77
80
82
84
88
89
87
85
86
83
79
81
83
81
80
84
84
82
83
84
85
86
86
86
84
84
84
85
85
87
88
86
83
79
75
75
