52
57
53
53
61
64
63
60
62
61
58
60
61
62
61
60
65
64
66
66
69
69
65
66
66
67
68
70
71
68
70
72
73
76
78
77
75
76
78
78
81
83
77
72
75
76
74
81
86
81
74
73
72
66
68
72
70
66
66
73
72
74
80
81
77
74
77
77
75
78
80
77
72
71
73
72
72
74
75
72
69
72
78
75
76
78
76
76
78
82
87
85
81
77
74
73
72
72
77
75
69
70
73
71
69
74
73
66
69
75
77
78
86
85
72
70
74
72
70
78
81
71
70
75
75
77
85
89
80
75
75
73
75
80
81
78
74
74
73
75
79
76
79
77
74
73
76
78
74
75
77
70
73
82
84
81
82
84
77
71
76
82
74
74
81
78
73
75
79
74
71
79
80
80
81
80
76
75
76
73
73
74
76
73
76
81
79
78
81
80
75
73
76
80
81
81
79
76
75
74
77
79
81
82
81
82
79
78
77
78
83
82
82
80
80
82
78
82
84
83
79
77
77
73
73
80
83
78
76
77
75
73
77
83
82
82
85
86
84
85
83
83
82
80
79
77
78
75
70
73
76
75
76
82
82
78
77
80
80
77
80
81
81
81
81
82
84
88
89
90
88
82
76
74
75
75
80
84
85
86
86
86
85
84
84
86
80
77
76
73
72
70
74
71
69
70
69
69
69
73
74
73
74
72
72
75
79
83
86
87
88
89
89
88
81
76
74
73
72
76
78
75
73
73
73
74
78
81
81
85
88
89
88
88
87
86
85
84
83
83
83
83
81
75
75
78
