51
54
53
54
60
64
65
68
67
62
59
60
59
55
60
63
62
62
65
67
65
70
73
69
67
70
69
67
74
78
75
73
75
74
71
76
78
76
75
77
76
74
79
81
79
79
81
75
69
73
73
72
73
77
71
67
73
73
71
73
78
73
70
74
72
67
70
74
70
68
75
75
73
77
82
77
74
79
77
72
75
78
75
71
75
74
68
73
79
78
75
75
76
70
68
73
73
70
68
68
67
68
73
76
76
75
73
68
68
70
70
69
68
69
70
71
77
79
76
72
71
69
68
72
74
71
68
67
67
67
72
76
77
76
77
74
71
73
75
74
72
72
70
69
71
71
68
67
67
68
69
70
70
71
73
74
74
73
73
71
69
71
72
74
74
76
72
68
66
67
69
75
81
80
77
75
73
70
71
73
72
73
76
75
73
74
76
76
76
80
80
78
80
81
78
76
76
75
70
71
75
75
73
75
77
74
72
75
75
74
75
76
76
75
78
78
77
78
78
77
76
78
80
80
82
83
83
82
83
81
78
77
76
74
74
76
77
76
79
83
84
85
84
82
76
74
75
78
80
82
81
76
75
77
81
83
84
86
87
88
89
90
90
88
83
79
80
81
82
82
80
76
