57
53
53
53
50
55
64
65
61
63
64
58
59
64
64
58
60
64
58
57
62
67
65
68
75
72
70
71
72
71
71
74
72
73
75
76
75
78
78
75
78
80
80
77
78
75
70
72
76
77
74
75
75
68
71
76
76
74
72
68
63
64
67
69
72
74
72
67
67
69
70
73
76
71
68
73
73
73
77
82
78
74
76
74
69
70
73
71
70
75
74
70
70
71
67
67
72
71
68
70
73
70
71
76
75
70
71
75
75
77
81
79
75
78
82
84
85
82
76
71
72
74
77
79
77
71
67
67
70
74
77
74
68
67
68
68
72
73
69
64
66
71
74
78
78
73
67
65
66
70
75
75
73
71
71
70
73
76
76
73
72
72
74
79
82
78
75
74
74
74
77
78
73
71
74
76
77
79
78
76
75
75
75
79
82
79
76
78
79
77
77
76
73
71
78
81
79
78
78
74
71
76
79
76
76
79
80
81
85
86
80
75
75
75
77
79
76
71
69
70
73
76
79
76
73
71
72
74
79
82
80
76
75
74
73
76
78
75
73
75
79
83
86
87
82
76
74
76
80
84
86
86
85
84
84
84
84
84
84
84
84
84
83
81
79
82
83
84
81
76
72
71
72
73
75
77
77
75
77
79
80
81
81
79
77
77
79
80
79
78
75
72
72
73
75
75
75
76
77
80
81
81
80
78
77
77
78
80
81
85
86
88
89
90
90
88
86
84
82
