52
54
54
54
59
64
58
59
60
57
58
60
62
59
65
69
67
71
74
74
71
75
79
75
76
78
73
68
70
72
70
75
79
75
73
77
79
73
70
71
70
70
75
78
77
78
78
75
74
76
76
72
72
71
68
67
69
72
75
76
74
71
70
72
71
71
74
74
76
77
77
74
70
71
67
69
72
76
74
68
74
69
66
70
75
75
70
71
78
75
76
81
78
72
70
71
70
72
80
81
76
73
71
73
69
71
71
69
70
66
67
72
73
72
70
73
69
66
72
71
66
67
73
72
70
74
78
68
66
72
73
70
68
73
71
69
74
77
75
72
69
64
62
69
75
76
73
73
70
66
71
76
76
76
76
76
75
77
79
80
78
73
68
71
75
80
84
85
78
69
69
70
69
70
73
72
69
78
82
78
74
73
70
62
67
73
73
71
74
73
66
69
72
69
64
67
70
66
73
80
77
69
67
69
66
72
77
76
69
67
69
69
76
83
83
76
74
78
79
78
77
79
76
75
76
75
74
71
71
68
67
74
77
80
82
83
77
70
74
73
71
71
75
74
73
80
83
79
75
75
71
64
69
74
75
75
75
73
67
71
77
79
77
76
75
74
78
83
85
83
79
75
74
74
77
80
80
77
72
70
74
75
74
76
78
81
80
80
81
78
73
72
73
72
72
73
73
73
74
80
83
84
85
84
83
82
81
80
75
73
74
76
80
81
79
77
80
79
73
74
76
75
70
69
74
72
71
76
79
76
73
75
78
80
81
82
84
85
87
89
89
90
90
89
85
82
77
71
68
69
69
67
69
71
72
72
72
71
68
71
76
80
82
83
82
81
81
82
82
83
81
76
71
69
68
72
79
80
78
76
76
77
81
84
84
81
82
81
80
84
85
81
78
77
75
72
74
76
74
72
73
73
72
73
75
76
77
79
80
83
84
82
78
77
76
73
76
79
77
75
76
75
72
76
81
78
76
80
82
80
83
84
81
78
77
73
69
73
75
71
69
72
71
67
73
77
77
74
75
72
68
74
78
78
78
83
81
76
77
77
71
66
69
71
71
76
78
75
71
71
71
71
75
80
79
78
82
85
85
85
84
79
73
72
75
77
78
77
73
70
70
75
78
79
80
79
76
74
75
73
71
71
69
69
70
73
73
73
74
72
72
73
72
69
67
67
68
71
74
77
79
79
78
76
74
73
70
70
73
75
74
76
80
81
83
85
84
81
77
76
74
74
75
76
75
73
72
72
73
75
77
76
71
67
65
67
70
72
72
72
69
67
69
73
78
78
76
76
75
72
72
74
72
68
68
73
72
69
69
70
66
64
68
71
72
76
77
74
73
75
75
72
70
66
63
65
72
73
75
79
78
73
71
73
71
71
74
77
77
79
82
81
80
79
77
77
77
77
81
84
81
77
78
76
73
72
70
68
68
71
73
76
79
79
76
73
72
69
69
71
70
68
66
67
65
67
71
70
66
63
65
68
72
75
77
77
75
76
77
78
76
73
71
67
66
69
73
74
72
72
70
70
73
74
71
71
75
76
75
77
78
70
69
72
72
70
76
80
72
70
76
75
69
69
69
65
69
80
82
78
77
73
