50
52
52
53
56
59
61
61
58
61
58
60
59
58
58
53
55
56
60
63
64
66
61
61
63
64
66
65
67
65
61
64
66
71
72
75
74
70
71
72
74
72
71
72
68
70
71
75
75
73
76
75
75
74
75
74
65
65
66
64
65
69
74
66
62
68
65
64
68
74
70
66
70
68
64
66
69
68
64
68
69
65
68
69
69
67
68
72
72
76
77
74
73
69
69
70
73
74
72
70
68
68
71
75
77
76
73
68
65
67
70
71
70
70
68
66
68
71
72
70
67
64
63
65
70
74
74
70
66
66
67
71
76
77
74
68
64
63
64
67
71
71
71
74
75
75
75
74
70
65
67
68
68
69
68
68
68
70
72
72
73
72
69
66
65
67
67
70
71
70
66
67
69
70
73
76
77
73
70
73
71
70
73
75
72
67
71
70
69
72
74
69
64
68
73
72
74
76
72
65
65
67
65
65
70
71
70
70
70
67
65
67
69
71
74
76
75
73
71
71
73
74
76
74
73
72
73
77
80
80
77
76
73
69
70
74
74
71
70
71
69
70
75
75
70
69
72
71
70
72
72
67
64
68
69
70
76
80
78
75
78
79
75
74
75
75
73
74
74
73
75
75
75
73
72
71
67
71
74
75
77
75
75
68
64
66
67
67
67
68
69
65
67
69
71
71
68
69
63
61
67
71
74
73
71
73
66
71
77
79
78
76
78
74
69
74
78
76
74
73
78
73
73
75
75
70
63
63
63
60
65
71
74
73
72
76
73
75
80
84
81
76
79
77
70
71
75
72
67
71
74
68
68
73
74
70
73
80
77
76
80
80
75
74
79
78
77
79
77
74
72
74
73
73
79
78
74
72
70
69
70
78
82
80
76
73
71
66
70
75
78
77
73
73
70
68
71
76
76
69
67
74
69
68
76
81
77
71
78
83
79
84
89
85
75
70
71
69
71
77
77
74
72
70
70
75
78
77
76
76
74
71
74
76
73
75
79
79
76
77
77
74
77
82
83
84
84
83
81
81
77
73
71
70
70
72
76
75
73
75
77
77
79
80
78
75
75
75
73
74
74
71
69
70
73
74
76
76
74
72
72
74
75
76
77
77
76
73
72
73
74
74
76
76
74
73
73
73
72
75
76
75
74
74
77
80
85
87
86
86
85
83
83
81
81
78
73
72
72
70
71
77
80
76
77
80
75
71
75
77
71
68
76
78
76
80
85
82
78
82
82
78
77
76
73
70
74
76
75
76
77
75
75
78
77
75
77
78
75
74
77
76
74
75
75
71
69
74
74
75
79
80
78
77
78
76
76
78
78
75
76
76
73
75
80
80
77
76
75
70
72
77
78
77
77
78
76
79
82
81
80
78
76
75
78
79
78
78
76
73
72
77
79
78
78
77
72
68
72
75
72
74
76
74
71
73
78
75
74
76
77
74
74
78
77
75
74
73
70
67
68
70
73
74
78
80
79
79
76
74
72
72
71
72
77
78
78
79
79
76
72
73
71
69
69
70
69
69
71
71
70
70
71
69
68
72
73
72
71
73
72
67
70
72
72
72
76
77
76
78
79
81
82
83
81
77
76
