52
50
57
58
58
64
69
66
58
56
62
54
55
63
65
60
57
63
64
62
69
74
72
69
70
70
69
69
73
73
73
74
69
70
75
75
74
76
80
78
72
69
70
67
62
65
67
64
61
62
62
58
60
63
61
61
64
65
62
64
67
65
64
63
62
58
58
62
60
60
61
63
63
65
68
65
63
61
59
56
59
64
61
61
61
62
62
66
69
64
61
61
60
59
65
66
61
60
62
62
60
69
73
65
61
60
58
56
63
66
63
62
64
66
68
75
77
74
70
69
69
70
76
78
78
76
72
71
72
75
74
74
76
70
69
71
75
71
69
71
66
64
70
76
73
73
75
69
65
72
77
74
74
79
75
67
71
77
74
72
75
72
63
68
77
77
76
78
78
69
69
74
72
67
66
67
63
67
74
75
73
71
70
66
66
71
74
72
68
68
67
66
71
75
76
73
73
73
70
73
77
76
70
67
67
63
65
72
76
72
68
69
66
65
68
69
64
61
66
71
76
80
82
79
76
76
73
71
75
74
72
75
78
77
75
76
74
67
66
70
73
74
72
67
62
61
65
69
71
71
69
69
68
68
69
70
69
68
66
68
69
70
72
73
72
70
72
72
70
69
70
71
72
75
77
77
76
75
73
70
69
70
70
71
73
75
75
76
76
74
73
72
73
75
78
80
78
77
75
76
76
76
77
75
79
80
81
80
79
77
70
70
72
75
77
77
77
71
71
74
76
76
76
76
73
72
74
74
72
72
72
69
68
70
70
67
70
75
75
75
76
73
65
65
70
70
71
75
77
70
69
74
76
80
87
89
83
81
83
78
78
83
84
81
81
81
83
84
86
88
88
88
86
83
82
84
82
76
77
78
74
74
76
74
70
75
79
76
79
82
80
77
82
88
86
86
84
76
69
70
75
72
72
74
71
68
69
75
78
81
85
85
85
83
82
80
78
78
78
78
81
81
80
81
