55
51
51
55
59
62
64
65
66
67
68
66
65
64
64
64
64
65
64
63
62
63
65
65
63
63
63
63
63
68
71
70
72
74
74
73
77
77
74
76
77
75
73
73
71
70
74
77
77
76
76
74
73
75
75
75
75
74
72
72
72
70
69
69
67
67
74
76
74
75
76
73
74
79
78
72
72
73
68
69
74
73
68
68
71
68
69
75
74
70
70
72
70
73
77
73
71
72
75
74
75
76
71
66
66
68
69
74
76
72
69
70
72
72
73
73
68
67
69
71
73
75
74
67
64
66
67
69
72
73
69
68
72
72
71
72
72
69
71
76
78
77
78
76
71
69
71
73
71
70
70
67
65
66
68
67
68
70
71
73
77
80
77
74
73
72
70
71
75
75
73
74
76
77
79
82
79
74
74
74
72
73
78
80
80
81
82
80
77
78
78
76
75
75
74
72
73
75
74
72
71
69
66
66
69
70
73
75
75
75
77
79
79
81
84
82
81
83
85
83
84
85
81
79
82
86
85
83
85
82
79
79
78
73
68
68
65
65
71
77
77
75
78
75
73
76
77
72
68
71
69
67
72
74
71
70
75
78
78
81
83
79
75
76
79
77
81
85
84
83
82
82
77
75
76
74
72
74
76
74
72
74
74
74
73
71
70
70
74
77
81
85
86
86
85
85
84
83
80
74
72
72
73
76
79
80
76
75
78
78
79
79
78
75
75
79
77
78
80
79
75
73
76
75
75
78
77
74
74
78
76
74
78
77
76
78
81
82
78
78
77
74
73
76
78
76
76
76
76
75
77
79
76
75
77
81
83
86
89
88
86
84
83
80
78
76
73
73
77
75
72
70
71
69
67
70
70
68
68
71
73
73
74
74
73
71
71
72
71
71
71
71
72
72
72
71
69
69
70
72
75
79
80
81
80
80
81
82
82
83
84
85
83
82
81
79
81
86
85
80
75
75
74
76
81
84
81
79
80
80
80
82
82
78
75
75
75
74
74
74
71
69
70
70
71
71
69
68
71
73
74
74
73
68
65
67
71
75
76
75
70
66
66
68
69
71
73
74
75
77
77
75
71
67
65
64
65
67
69
70
71
73
74
73
73
71
70
69
72
73
73
74
73
72
71
72
74
76
80
81
81
79
79
78
76
75
73
71
71
72
72
71
71
70
69
69
71
73
73
72
71
69
67
64
66
67
67
68
69
69
69
71
71
70
72
73
73
71
73
73
72
73
75
74
71
72
72
71
71
71
69
69
73
76
77
76
75
72
69
70
71
72
73
73
72
73
76
79
79
76
75
71
70
73
77
77
74
72
70
69
70
74
78
79
81
79
78
76
76
76
75
73
71
72
72
73
72
71
70
69
71
73
76
78
78
76
73
72
72
72
73
73
72
72
74
73
74
78
81
82
82
83
81
80
82
84
85
85
85
85
86
86
81
76
76
76
77
80
81
82
83
85
85
85
84
80
77
77
79
79
81
82
80
76
76
78
78
78
79
79
76
72
71
70
70
71
74
76
76
77
78
78
77
79
81
81
82
82
80
76
75
73
74
77
79
79
78
78
77
75
75
77
78
78
81
85
85
81
