52
53
50
55
68
68
65
68
72
64
61
68
69
59
58
65
62
58
64
76
71
64
70
70
64
66
74
74
65
68
72
68
72
80
80
73
70
75
70
72
78
79
72
70
72
67
65
72
76
75
76
79
77
74
77
77
71
69
69
70
70
75
80
79
77
74
72
71
73
74
75
73
69
65
65
66
67
69
72
68
64
65
66
64
64
69
70
67
70
73
70
68
72
77
75
76
80
76
73
71
74
72
74
80
80
76
73
74
69
68
69
69
70
71
73
69
68
69
71
74
77
78
74
73
71
70
70
72
76
73
72
77
73
71
72
74
69
67
76
73
71
76
81
77
71
78
77
72
74
79
78
70
73
77
73
75
81
84
80
81
83
77
76
78
81
77
74
76
73
75
75
78
78
74
74
74
73
75
79
79
76
75
77
73
72
75
73
67
64
69
69
71
78
81
75
70
72
70
67
69
73
73
70
77
81
80
82
83
81
77
78
82
76
75
77
76
73
72
80
81
81
83
82
78
75
80
82
81
84
84
80
77
78
81
75
75
75
70
66
64
68
68
70
74
75
74
74
79
79
75
76
75
73
72
76
83
79
80
80
76
72
72
77
74
76
79
79
74
69
71
68
69
76
81
84
84
85
83
77
76
74
74
75
74
73
70
73
73
74
74
72
72
71
76
76
78
79
77
77
74
78
79
81
87
88
88
86
84
79
80
77
74
77
78
79
79
83
86
85
89
87
84
80
77
75
72
76
77
76
73
71
75
75
76
77
77
76
74
76
76
73
71
69
67
65
70
76
79
80
82
80
76
76
79
78
79
80
80
78
78
84
86
87
87
84
76
69
71
76
80
80
77
73
70
71
76
80
81
79
74
72
72
75
79
83
85
79
72
72
73
74
76
80
79
73
74
76
74
75
79
81
77
78
84
82
79
79
77
71
71
75
76
74
75
77
73
71
74
73
72
74
81
79
78
82
81
76
75
80
77
74
81
81
75
74
79
78
75
80
80
72
68
70
69
65
70
75
73
73
77
77
71
69
70
66
66
69
71
69
68
70
68
67
69
73
74
73
75
73
70
68
71
73
71
75
79
82
80
79
79
75
74
75
75
73
73
74
75
78
84
89
87
82
79
75
70
71
74
74
73
74
74
70
72
75
74
72
72
75
73
72
74
72
69
68
73
75
78
81
79
75
70
70
68
68
73
73
72
71
74
74
73
74
72
71
71
73
70
69
73
76
78
80
82
79
76
78
78
76
76
78
78
75
77
79
78
76
74
74
72
75
80
82
82
80
76
72
70
72
77
80
78
71
65
67
72
77
81
84
81
73
70
73
71
72
75
75
69
67
72
72
72
76
78
73
69
69
70
69
71
73
71
70
71
71
73
77
80
78
77
75
72
71
72
74
75
76
74
72
75
80
83
84
83
79
75
76
80
82
81
80
77
73
74
77
81
84
85
80
74
72
70
70
73
75
74
73
77
78
79
83
81
73
67
68
73
72
73
72
69
69
71
75
75
77
77
75
74
73
74
69
67
69
72
74
78
85
84
82
80
79
81
79
82
82
83
83
79
78
75
73
