50
56
60
58
55
60
69
67
69
71
67
61
61
66
63
65
72
75
72
70
70
66
67
73
76
75
75
74
69
67
69
72
73
74
73
69
68
70
72
73
75
75
71
70
71
73
74
77
73
70
68
69
69
71
74
76
77
80
81
78
76
75
73
71
71
74
73
73
75
74
72
73
76
73
71
73
71
67
66
70
70
68
71
73
73
72
73
72
72
72
74
73
71
69
69
71
72
74
78
76
72
71
72
71
69
71
71
68
66
68
69
69
73
74
73
71
70
69
70
74
74
74
76
74
72
73
75
75
74
76
77
73
73
78
79
76
77
77
73
71
74
76
75
76
77
73
73
76
76
73
72
70
65
66
74
76
76
76
75
68
66
73
74
73
75
77
71
69
75
75
73
75
78
74
71
77
78
76
76
76
70
67
72
76
76
77
79
75
73
76
77
74
74
74
69
66
71
73
72
72
74
73
71
75
77
77
77
78
75
71
73
76
77
79
84
83
81
81
80
77
75
77
74
72
72
70
69
70
76
77
74
74
72
71
73
78
78
76
76
74
71
72
77
79
79
77
74
72
73
76
75
73
72
71
72
77
82
84
84
83
81
78
78
81
81
80
79
78
78
78
79
77
77
78
78
80
79
79
78
75
73
71
71
70
71
72
72
73
74
75
75
76
76
74
75
76
75
72
73
76
76
78
79
76
72
72
73
72
75
77
75
71
70
72
71
73
76
73
70
72
74
74
76
79
76
72
74
77
78
79
81
79
75
75
76
75
75
76
75
72
74
76
76
76
77
75
72
72
72
72
74
76
74
73
73
74
74
74
76
74
72
72
73
75
76
77
75
73
72
72
72
74
76
77
79
79
77
77
76
76
75
75
76
75
74
73
74
73
73
76
80
81
82
82
83
84
87
88
89
90
90
89
86
83
80
76
73
74
72
