53
51
50
50
56
61
63
64
63
61
57
59
61
59
59
60
61
58
62
65
62
60
62
62
59
63
66
61
58
59
57
56
63
67
64
66
69
65
62
65
65
59
62
65
61
61
67
70
66
71
76
73
74
76
73
65
67
67
61
63
66
65
61
67
69
65
67
69
65
60
63
61
57
60
63
61
58
63
64
63
65
64
60
55
57
56
56
59
60
58
56
60
60
62
64
62
59
59
60
59
62
62
59
58
59
60
59
62
61
55
53
56
55
54
58
60
57
59
66
67
67
71
69
61
58
60
54
54
62
63
58
62
72
69
71
77
77
70
70
77
73
76
83
82
75
75
81
75
77
84
83
77
77
82
78
77
77
77
79
85
87
87
86
84
80
79
84
85
84
80
82
88
89
90
89
86
80
79
80
81
82
81
75
79
83
84
85
83
78
77
81
82
82
80
77
81
84
85
86
86
83
77
76
80
81
80
