50
52
53
55
52
52
59
57
62
67
70
65
61
64
61
62
68
70
66
61
64
63
60
66
69
65
62
65
68
64
71
76
74
73
76
79
72
75
78
75
73
75
77
74
74
77
75
74
75
76
76
78
80
78
76
75
71
70
70
75
76
79
79
72
72
71
72
73
75
75
68
68
67
69
71
75
76
70
72
72
73
74
77
77
68
70
73
75
76
81
82
73
73
78
78
76
78
79
72
70
76
77
74
77
76
65
62
68
70
68
70
71
66
66
74
77
75
76
78
70
67
73
74
71
72
75
68
64
72
76
71
70
75
72
67
75
77
73
73
78
77
70
77
80
74
71
75
74
68
71
74
70
67
73
77
74
77
79
76
71
73
75
73
74
77
76
73
74
79
78
76
76
74
70
70
74
75
74
74
72
72
73
76
75
72
72
69
70
73
76
77
77
78
75
73
74
74
72
73
75
70
68
71
73
73
78
82
81
80
81
80
76
79
82
81
81
82
82
81
84
87
84
79
78
76
74
77
80
79
75
74
74
74
75
78
79
75
71
69
69
73
77
79
77
77
76
76
81
84
83
81
82
81
80
85
89
89
88
88
87
86
86
85
85
85
80
80
83
83
79
78
83
84
85
86
88
85
83
83
84
84
83
82
83
84
83
81
81
82
82
82
80
76
72
70
72
76
79
77
76
75
73
71
76
82
86
88
89
88
86
84
83
82
84
83
81
