50
50
55
57
61
65
63
61
59
60
59
58
61
62
65
66
65
61
59
62
66
72
78
79
75
70
68
64
65
71
76
74
71
71
69
71
76
79
78
76
79
79
78
81
83
82
81
82
80
78
77
75
70
67
71
73
75
78
78
71
68
74
78
79
79
78
72
66
69
71
72
73
74
74
76
77
74
72
69
66
64
70
78
79
79
79
76
73
74
78
78
78
79
76
71
71
72
70
68
69
69
70
74
72
66
61
65
71
78
82
82
79
76
73
71
74
76
75
73
73
74
72
76
81
81
76
72
70
67
69
74
75
73
71
72
77
81
84
81
76
71
71
76
82
84
81
77
74
71
70
74
74
71
71
72
70
70
74
75
74
77
82
81
77
74
70
65
63
69
72
74
79
79
75
74
77
77
76
78
76
72
73
76
73
71
73
74
72
76
79
75
71
70
71
71
75
81
82
83
84
85
83
82
84
82
79
75
76
81
83
83
79
74
67
64
72
73
73
77
81
79
77
85
83
79
82
85
78
71
73
74
68
72
78
76
74
77
79
74
79
84
83
82
83
86
81
82
85
82
80
79
77
75
76
81
79
81
82
83
88
86
89
87
87
86
82
82
83
84
85
86
85
84
83
83
83
83
87
89
83
85
