53
52
50
53
60
69
76
77
73
68
65
63
61
64
63
61
61
63
65
67
73
75
73
70
70
69
70
72
71
72
72
72
74
77
79
75
75
78
76
76
79
81
77
75
77
80
81
81
82
78
76
72
72
71
69
70
70
68
64
65
67
68
71
73
72
69
69
68
65
66
71
73
73
76
77
74
74
77
78
78
81
81
77
76
78
77
75
78
80
77
75
76
76
76
78
79
75
71
71
70
69
71
73
74
75
79
81
79
77
73
68
67
68
70
72
76
77
74
71
69
71
70
72
73
71
70
70
72
71
72
75
73
72
72
75
74
76
81
81
77
74
76
71
68
72
73
70
68
74
74
71
74
74
69
64
68
70
69
75
78
74
69
73
73
69
73
77
75
71
75
74
68
70
75
74
69
73
76
72
76
83
80
75
77
80
76
75
80
81
79
80
80
76
76
77
75
73
74
75
73
73
76
73
70
73
76
77
76
77
75
73
72
72
71
73
76
77
79
82
78
75
75
76
74
75
79
78
77
79
81
77
74
73
71
69
70
74
75
76
76
74
71
69
70
72
76
79
78
77
76
75
74
75
75
71
67
69
72
77
84
87
84
79
78
80
82
85
86
88
89
90
90
89
89
88
87
85
81
79
77
76
