61
58
54
51
52
59
61
66
67
67
67
67
68
65
65
66
65
65
67
72
72
73
76
73
70
69
71
68
68
73
74
74
73
75
73
72
76
79
80
82
81
77
75
75
72
72
74
73
70
71
74
73
73
77
76
74
77
79
75
73
78
76
71
75
77
73
70
77
76
70
75
77
73
70
76
76
70
74
76
72
71
76
80
77
81
83
79
75
76
77
72
73
75
73
72
73
77
76
75
76
73
72
72
73
73
71
74
76
77
75
73
76
76
76
78
80
77
72
75
75
72
74
78
76
72
75
79
76
78
80
77
71
70
74
71
73
76
75
71
71
76
73
75
78
77
75
73
77
74
71
73
72
70
71
76
79
76
76
77
74
71
72
77
76
76
80
79
77
77
78
77
76
80
81
78
76
77
78
75
78
79
77
75
75
79
78
81
82
80
78
76
79
78
80
81
81
79
75
79
83
83
81
81
81
76
78
81
80
77
79
81
79
80
87
86
83
84
85
81
79
81
79
74
74
77
78
79
86
88
81
80
80
77
74
77
77
73
75
75
72
70
72
73
70
75
80
81
81
83
84
80
81
82
84
89
90
89
87
81
78
75
71
