52
60
65
60
55
57
69
53
57
68
68
65
62
58
60
55
58
64
68
70
65
55
65
61
61
67
72
70
60
58
69
64
66
74
76
73
69
68
79
71
72
76
77
77
70
69
80
70
71
77
81
77
72
75
81
68
69
76
75
71
68
71
73
66
75
78
78
78
72
72
73
66
70
75
81
78
68
71
74
65
72
84
83
74
65
75
68
65
78
83
78
69
66
72
67
73
81
82
75
69
64
71
69
69
71
69
70
68
70
81
74
74
75
78
76
71
81
80
70
68
68
67
66
73
81
74
72
74
70
68
69
73
69
63
67
69
74
77
76
76
66
66
68
74
78
72
73
67
65
69
79
84
79
75
75
67
67
75
82
78
71
75
70
65
73
79
76
70
73
76
71
77
83
80
74
72
80
77
80
85
81
74
68
71
76
74
79
79
76
70
67
73
69
71
73
73
67
63
73
80
78
79
82
76
64
63
69
65
65
73
75
67
70
80
79
79
85
86
76
73
77
74
73
79
84
80
78
81
78
76
81
85
84
81
80
76
69
72
76
77
78
79
79
77
75
76
77
77
73
71
74
74
74
77
80
78
75
77
78
74
70
76
76
74
79
85
83
78
79
81
77
79
86
86
80
80
81
74
74
81
80
75
77
82
76
76
83
80
73
73
78
72
71
76
75
67
67
74
75
77
84
84
79
80
81
79
77
81
82
78
79
78
78
77
78
78
75
78
75
73
73
71
74
75
80
82
83
87
86
86
84
83
80
78
76
73
74
76
78
76
72
74
70
69
74
79
82
79
79
81
76
78
83
87
84
78
77
73
69
71
75
76
75
74
70
72
75
74
74
77
79
73
69
71
75
72
70
76
79
80
82
82
82
76
75
79
83
84
82
79
75
71
73
79
85
83
78
73
71
67
71
78
79
77
74
72
71
74
78
80
82
86
86
81
84
85
81
80
84
84
79
81
83
75
73
79
83
76
75
82
80
76
79
82
75
72
76
77
74
75
78
75
73
73
70
68
69
71
71
72
74
70
66
68
70
67
68
73
71
70
75
78
77
78
84
82
79
79
80
78
80
83
77
74
73
70
66
69
73
72
73
80
80
75
74
73
64
62
70
72
73
80
85
78
73
79
80
77
83
87
80
73
76
77
75
82
88
82
77
78
81
80
83
88
83
78
76
75
77
77
79
79
82
81
75
76
76
70
66
73
73
67
67
75
73
69
80
88
80
75
78
76
68
73
82
78
74
78
78
71
76
85
84
80
82
82
75
73
78
78
75
76
76
75
80
86
88
86
84
80
73
69
69
69
71
74
76
78
80
81
78
76
76
78
78
79
84
84
80
80
82
81
77
80
81
78
78
80
81
75
70
73
72
71
74
75
75
75
77
77
78
80
75
67
68
72
75
81
88
86
77
73
73
71
75
84
85
82
83
86
83
82
84
80
73
69
69
71
76
82
84
82
80
76
70
73
75
74
76
76
74
68
68
71
70
73
76
75
71
70
75
73
74
75
71
68
68
72
75
82
87
85
83
80
76
73
76
74
71
71
71
68
64
70
74
73
77
79
74
