51
52
51
54
61
59
59
65
67
62
62
68
64
60
63
66
62
62
71
71
67
69
76
72
66
72
73
67
66
72
71
64
70
75
74
72
77
75
64
65
69
69
68
72
73
66
66
70
70
67
69
73
70
72
75
73
68
68
72
72
72
73
71
66
65
68
67
69
75
76
72
68
69
69
67
72
74
71
66
65
66
66
72
77
76
73
72
73
70
73
75
72
67
67
72
69
72
76
75
71
70
73
70
70
72
67
61
59
66
66
67
71
70
68
67
70
69
67
69
69
67
64
69
70
70
72
71
67
64
70
72
74
78
78
72
66
67
68
68
71
72
69
65
67
68
68
73
76
76
74
75
74
70
71
72
70
66
68
70
71
76
77
74
71
72
72
72
76
78
75
69
68
68
68
72
75
73
67
64
65
66
68
71
71
66
67
69
70
73
75
73
64
61
63
66
67
69
69
63
61
61
63
64
67
68
64
65
68
69
71
77
81
79
80
81
80
76
74
73
69
71
72
68
65
67
67
63
67
71
70
68
72
76
74
78
81
79
74
75
76
69
70
72
71
66
66
71
68
68
71
73
70
71
77
77
76
78
78
74
70
71
69
69
70
73
71
71
76
78
81
86
89
84
79
79
76
71
73
78
77
74
75
73
69
70
74
72
70
74
76
74
76
82
79
74
75
76
72
72
77
76
74
73
73
70
69
74
75
74
74
73
69
66
68
68
66
71
76
76
77
81
80
75
75
77
76
75
78
78
76
77
78
76
75
76
72
66
67
69
68
69
74
75
74
76
78
76
74
75
73
68
69
73
74
71
73
75
74
74
76
75
70
69
70
67
67
71
73
70
73
77
77
77
80
78
73
71
71
70
71
76
75
70
71
76
74
73
79
80
76
74
76
74
71
75
74
71
73
75
71
70
77
78
74
76
79
74
70
73
72
67
69
74
70
67
74
75
71
74
77
72
68
71
71
68
70
73
69
70
76
74
69
72
76
71
71
81
82
76
76
77
70
70
78
79
72
73
75
69
67
73
75
73
74
77
74
73
76
73
68
68
69
64
65
73
76
75
78
79
72
72
76
74
68
68
70
67
69
75
76
71
70
73
71
73
78
78
72
70
70
66
68
73
74
69
68
71
72
74
77
78
74
72
73
69
66
66
68
69
72
76
74
72
70
70
69
72
75
73
71
69
68
67
70
74
72
72
75
77
78
79
80
74
70
69
69
68
72
78
77
73
72
70
68
69
72
70
65
66
70
74
76
76
75
70
65
67
71
73
72
69
66
64
66
70
75
78
76
75
72
68
69
72
73
71
71
71
69
70
72
71
68
69
71
70
71
71
68
66
71
74
74
75
76
71
66
69
71
70
72
74
71
64
69
73
73
74
77
75
68
71
78
79
77
78
78
71
70
76
77
76
74
75
70
69
76
78
74
72
76
75
71
75
80
75
71
73
73
69
71
75
70
67
72
73
67
68
71
68
65
70
74
69
69
72
69
65
68
73
71
72
76
74
70
71
72
68
67
72
73
70
71
72
70
71
74
75
72
73
73
71
68
69
70
66
68
72
72
71
