57
56
51
51
53
55
61
67
65
60
59
57
53
56
61
61
58
63
65
65
70
76
74
70
72
70
65
70
74
72
69
72
72
69
73
77
77
74
77
75
68
69
70
70
69
75
79
76
77
80
80
76
75
75
70
67
68
67
62
60
66
66
67
71
73
68
65
69
70
70
75
79
75
71
76
76
71
73
76
74
71
78
83
77
76
78
76
73
77
80
78
77
75
72
71
75
77
74
74
74
72
71
74
75
71
71
72
73
74
74
72
69
68
69
72
74
74
71
67
65
64
66
70
71
70
68
66
67
70
72
72
69
67
67
70
75
78
77
73
70
68
70
73
75
74
74
75
75
78
80
79
75
70
68
70
74
76
77
76
75
73
73
74
74
71
69
66
65
68
70
69
69
71
71
69
73
75
73
73
77
77
74
79
81
75
71
74
75
71
74
73
68
63
66
67
65
69
72
70
70
74
76
73
77
77
70
66
68
70
71
76
77
74
74
80
83
83
83
80
73
70
72
73
76
76
72
66
65
68
71
78
84
82
78
76
74
71
72
75
74
72
74
78
81
82
82
83
84
85
88
88
87
86
85
84
80
75
70
67
67
66
65
65
67
66
67
71
75
76
78
77
72
68
69
70
71
76
78
76
74
73
70
64
64
63
61
64
69
72
74
77
75
71
73
75
74
75
77
77
74
75
79
82
84
85
85
83
81
79
79
81
79
77
74
73
74
75
79
81
81
79
76
74
73
75
74
74
75
76
77
76
75
70
68
66
66
69
73
75
76
79
80
78
78
79
79
77
79
78
74
74
77
76
71
70
71
68
70
74
76
75
76
78
75
77
82
84
81
80
81
77
76
79
79
76
75
74
70
71
74
74
71
70
72
71
72
76
76
74
75
79
79
78
77
74
71
70
72
72
70
72
71
68
66
69
69
69
73
74
72
71
77
80
76
74
72
67
64
68
73
72
74
79
81
81
83
83
78
75
76
77
79
82
81
77
74
74
74
74
76
76
72
74
76
75
75
78
78
75
75
77
74
73
73
74
71
69
70
70
67
70
76
78
76
76
76
71
68
71
74
75
76
77
75
71
72
74
74
75
74
71
68
72
77
79
78
75
70
66
69
72
75
76
77
75
76
83
89
90
88
85
79
74
75
75
75
75
74
70
69
71
72
72
74
76
74
72
73
72
68
68
69
68
69
72
73
69
68
69
68
67
70
72
70
72
74
72
69
71
72
70
71
74
75
73
72
72
71
72
75
75
71
69
67
65
67
72
75
74
74
74
75
75
75
77
76
74
70
72
73
75
78
80
80
77
77
78
76
76
76
75
73
74
78
79
78
76
74
71
71
72
71
70
73
75
72
71
73
73
70
74
78
76
73
72
72
68
68
71
71
71
71
70
68
70
74
75
75
75
74
71
72
77
77
74
74
73
70
73
76
74
72
73
70
64
69
74
72
68
70
70
68
72
75
75
73
75
77
75
78
79
76
72
70
69
66
70
74
73
70
70
69
68
70
71
69
69
70
71
70
74
76
73
70
68
67
67
73
78
78
76
75
74
71
74
76
76
75
74
72
68
70
72
74
76
77
78
