54
52
50
51
58
57
56
59
59
55
55
60
57
54
59
60
58
59
64
62
59
66
67
62
60
62
59
54
62
65
63
64
68
70
67
74
74
69
66
63
60
57
64
68
69
70
71
68
67
72
72
71
70
68
64
62
66
65
66
67
65
62
62
67
69
72
72
70
66
65
63
61
63
64
63
63
66
65
65
67
65
62
62
62
57
56
58
55
50
54
56
53
55
57
55
52
59
62
60
63
65
60
56
62
66
65
65
65
59
53
55
56
56
59
60
56
52
56
58
58
59
58
53
53
58
61
67
71
71
66
65
66
66
69
70
67
59
56
56
56
63
66
63
57
57
56
56
64
67
65
61
66
65
65
74
76
73
70
76
76
75
83
86
82
74
74
71
68
76
80
77
72
76
78
78
78
78
78
85
88
89
88
82
75
77
78
78
77
77
77
83
88
90
90
88
84
76
78
78
77
77
