50
51
51
51
57
61
63
69
67
60
53
54
55
53
63
65
62
63
65
67
64
68
72
70
72
75
73
65
64
70
67
72
76
76
72
69
70
64
67
72
73
73
73
74
73
75
78
76
72
69
68
67
67
70
70
69
69
70
72
74
77
76
73
66
64
64
63
66
69
71
69
68
71
70
71
73
75
73
72
73
70
67
68
68
65
64
69
74
75
77
76
68
62
66
72
74
79
80
72
66
66
69
69
72
75
70
66
64
65
64
65
67
66
68
71
75
77
75
72
69
68
66
68
72
73
70
68
69
68
68
70
72
72
71
76
76
73
72
70
67
66
73
78
80
81
78
70
65
68
70
71
74
74
71
67
71
73
71
70
70
68
67
70
71
69
68
65
64
65
70
74
75
74
70
68
68
71
73
73
74
71
68
68
70
69
70
75
75
73
75
77
73
72
72
66
61
65
70
72
72
75
72
68
71
74
75
77
81
78
72
71
70
67
70
75
77
75
77
79
74
73
77
78
77
77
81
79
78
82
84
83
79
79
80
79
80
81
80
75
72
74
72
68
68
70
69
68
71
70
68
69
74
75
75
78
79
80
81
81
76
73
75
73
73
77
79
75
75
79
78
80
87
88
79
74
75
70
69
78
83
76
69
74
71
68
76
83
81
77
80
77
72
75
78
77
77
84
85
82
83
82
76
72
76
77
76
80
81
75
68
70
70
70
74
79
78
75
77
77
74
74
76
75
70
71
74
73
71
72
69
63
66
72
75
77
81
79
73
74
76
76
75
78
78
75
78
80
80
78
82
82
78
79
79
77
74
74
73
69
70
74
75
74
74
74
72
73
75
77
78
78
77
77
76
75
76
78
77
71
72
73
72
73
78
80
76
75
72
68
67
70
72
72
76
78
75
75
78
77
75
82
86
87
86
85
82
81
83
80
75
