53
50
52
54
53
60
62
61
61
66
68
64
68
72
68
65
70
71
64
65
72
70
69
77
79
71
69
71
67
68
78
84
80
78
79
72
67
71
73
69
70
74
73
71
75
75
70
71
72
69
71
77
79
75
76
75
73
74
75
72
68
69
69
70
75
78
75
70
68
64
64
69
75
74
76
77
72
70
73
73
67
68
74
69
70
75
76
70
68
74
68
68
73
74
72
71
80
75
71
73
71
67
66
73
72
70
74
73
66
61
65
65
62
68
69
68
69
72
73
69
73
72
70
70
69
71
70
72
71
70
69
66
66
70
74
77
80
80
77
73
72
71
75
77
77
74
74
74
69
71
75
75
71
71
77
70
69
73
71
67
70
79
75
74
79
78
71
72
78
73
70
75
75
67
65
70
69
68
74
77
73
70
73
72
68
69
71
69
69
72
75
73
71
73
71
71
71
73
74
72
72
73
75
75
76
80
85
87
88
89
90
90
90
88
87
86
85
83
80
79
77
74
73
71
70
70
71
72
71
71
70
67
64
64
66
68
71
72
70
70
72
74
76
78
79
79
80
81
79
78
78
76
74
75
79
80
81
83
85
86
87
86
85
84
83
82
79
77
76
74
74
