50
54
53
56
59
60
64
63
66
66
66
67
65
67
65
67
70
70
73
72
74
71
70
73
71
74
73
76
75
73
79
76
78
78
79
75
72
77
71
71
72
74
71
68
74
71
69
70
72
69
65
72
73
73
75
79
75
69
73
73
71
72
76
73
69
72
72
71
72
74
72
69
72
72
70
71
72
70
70
71
71
70
71
72
70
69
73
73
71
74
76
72
69
74
74
73
76
78
75
71
71
71
69
70
73
70
66
67
68
68
69
72
70
66
66
68
69
71
75
75
70
70
72
70
70
74
74
70
68
70
68
68
72
73
71
71
74
75
74
75
79
78
74
77
76
73
75
77
74
73
76
76
71
71
72
70
69
74
76
74
73
75
71
69
74
77
76
76
77
73
71
73
74
73
71
71
69
66
69
71
72
72
74
75
74
76
75
74
71
69
70
70
70
70
70
70
72
76
77
76
73
72
71
71
74
78
76
73
75
75
74
75
81
80
76
78
81
81
80
81
79
75
75
78
79
80
83
82
79
82
82
78
73
74
71
70
74
79
76
70
71
70
71
75
79
76
72
74
75
77
81
82
78
73
77
79
81
85
83
77
72
76
77
80
84
83
75
70
74
73
73
77
78
71
69
77
77
74
78
80
76
73
79
81
78
79
80
76
72
76
78
77
77
79
78
77
80
81
78
78
80
78
76
79
80
78
76
79
79
74
76
79
79
78
78
79
76
75
74
73
69
68
72
71
73
76
77
74
73
75
72
72
72
73
73
74
77
74
75
78
79
80
82
86
87
86
84
82
80
82
83
80
83
89
87
83
83
83
81
81
81
78
75
77
76
73
75
77
73
71
75
76
73
74
77
72
68
72
74
73
74
77
75
71
74
76
74
75
77
75
72
73
74
74
74
72
72
72
74
76
78
80
78
76
77
78
77
78
79
76
73
72
74
74
77
80
79
76
75
75
76
76
77
77
76
76
77
78
77
76
74
72
71
70
73
73
69
67
67
67
69
72
73
72
72
73
75
78
81
78
73
71
70
69
70
72
69
67
70
72
73
73
75
71
70
70
70
70
72
72
69
68
71
73
73
74
74
71
70
72
73
73
73
73
71
71
75
79
80
81
81
78
75
75
77
75
75
75
72
70
74
78
78
77
75
72
67
68
70
68
68
70
70
70
74
75
71
70
72
72
70
72
72
68
70
72
74
76
80
80
75
74
74
73
73
74
73
70
72
71
70
70
72
72
70
71
71
71
71
72
71
69
73
76
78
79
79
75
72
74
73
71
68
68
68
68
71
72
72
73
71
71
72
75
76
75
74
72
70
72
75
77
77
75
73
72
73
74
75
76
74
72
71
73
72
72
72
71
68
69
70
71
72
74
74
71
72
72
71
71
73
72
69
72
72
70
72
74
74
74
79
80
79
81
82
78
73
74
73
71
73
77
75
74
77
75
71
72
74
70
67
70
71
70
74
78
77
75
77
75
73
73
75
73
71
73
72
71
71
73
71
71
72
70
70
73
74
72
72
73
70
67
69
71
71
75
79
78
75
73
71
69
69
71
73
71
69
69
69
69
72
75
