51
50
55
60
62
62
62
61
57
59
61
62
62
63
65
65
68
72
73
71
71
70
69
71
75
75
74
72
71
68
70
76
78
79
79
80
78
77
79
79
78
78
80
79
79
82
80
76
76
76
73
74
77
74
71
72
73
72
74
76
73
70
70
71
70
73
75
73
72
74
76
76
79
79
74
70
70
72
74
79
81
78
75
74
72
72
77
80
79
80
81
78
75
75
72
68
70
72
73
76
79
78
73
74
73
70
72
74
72
67
68
69
70
75
79
77
73
73
74
73
75
76
73
70
70
69
70
75
76
74
73
75
74
75
79
79
74
71
72
71
72
77
79
76
75
74
69
69
72
72
70
75
79
78
80
80
74
66
67
67
65
70
76
75
74
77
76
71
73
76
73
71
76
76
74
78
80
76
72
75
73
72
78
82
78
76
77
74
71
76
79
79
80
85
83
80
84
85
81
78
78
76
75
78
77
74
72
73
71
72
77
78
77
77
79
76
76
79
78
76
76
78
75
77
82
84
84
86
89
87
87
88
88
88
88
86
82
81
80
77
78
81
79
76
77
77
74
76
80
81
82
86
89
87
87
86
84
82
84
86
86
88
88
86
83
84
83
81
81
82
80
78
80
81
78
80
83
85
85
87
88
89
90
90
89
87
85
83
81
81
81
81
78
79
78
75
75
78
80
80
83
84
85
84
82
81
79
77
74
74
76
76
78
80
80
76
75
76
75
77
80
83
81
83
84
82
82
83
83
80
82
82
81
82
83
79
74
74
73
71
76
80
78
75
77
75
71
75
79
79
78
81
81
78
81
83
76
70
71
70
69
76
81
79
77
77
75
71
75
79
79
78
79
78
75
76
76
72
70
71
69
69
74
75
73
74
75
74
74
76
76
74
73
75
74
76
79
80
78
77
77
76
76
77
77
75
74
76
77
78
80
80
78
74
74
75
77
80
82
82
79
79
78
76
76
76
74
72
75
76
75
76
76
75
72
73
74
72
73
72
70
69
72
73
73
76
75
73
74
75
73
73
74
72
69
70
73
73
75
78
76
73
73
71
68
69
73
72
73
76
76
76
78
78
73
69
70
68
69
75
77
76
77
79
77
79
83
81
77
78
77
72
74
80
79
78
83
84
78
78
79
74
68
73
76
75
78
79
73
68
72
72
72
77
79
76
76
78
74
73
78
77
72
73
74
70
71
77
76
71
73
75
71
74
80
79
74
76
76
70
71
76
74
71
74
78
75
75
79
77
71
70
70
69
72
78
78
77
76
75
73
73
75
76
76
78
79
80
83
85
87
87
85
84
83
81
80
77
76
72
70
71
73
75
75
76
75
75
74
74
76
76
75
73
73
75
76
78
80
80
76
74
73
70
70
71
72
72
76
76
74
74
74
71
68
71
74
75
76
76
76
72
74
75
75
74
74
74
74
76
77
78
78
77
76
76
76
74
75
78
79
80
81
83
79
76
75
75
76
77
79
78
75
74
73
74
75
77
78
77
76
75
74
72
70
70
70
70
72
78
80
80
79
77
73
71
74
74
74
74
75
74
74
77
78
76
74
71
68
68
70
70
72
76
76
74
