51
51
55
52
57
66
70
68
66
70
66
67
73
75
72
70
74
75
75
77
76
73
68
68
71
73
77
78
80
79
79
79
76
74
73
72
71
73
80
81
80
78
76
74
73
76
75
75
75
73
70
71
77
77
76
77
77
76
75
79
76
70
67
64
63
64
72
77
76
75
73
69
65
66
67
69
71
71
71
72
74
76
79
80
77
71
69
67
67
70
74
76
75
75
74
73
75
77
75
74
75
75
75
75
72
68
62
59
57
58
61
61
59
59
60
59
63
70
73
73
72
73
69
70
75
75
72
70
70
67
68
75
77
74
71
74
73
74
78
78
73
70
73
74
77
82
84
79
73
71
66
64
70
73
71
71
76
74
73
77
77
72
70
73
73
73
79
80
74
72
74
74
76
83
83
76
74
75
73
74
78
79
75
73
74
72
73
76
75
71
72
73
71
71
72
68
65
66
69
69
76
81
80
80
84
85
82
86
88
84
78
77
74
69
70
73
71
73
78
80
82
88
88
83
78
76
73
70
76
81
82
84
86
84
77
73
71
71
73
76
80
81
83
83
80
79
77
75
70
68
71
76
78
80
83
82
79
78
82
85
83
82
82
82
82
82
81
74
71
73
77
81
85
87
82
77
77
78
79
81
83
78
74
76
80
81
81
79
75
73
76
80
82
83
82
80
77
76
77
76
74
72
73
77
82
86
87
85
80
76
76
79
80
81
82
81
77
76
78
77
74
72
70
68
72
79
82
82
81
78
75
79
83
83
80
80
79
74
76
79
79
78
80
80
76
79
81
78
74
75
76
77
85
89
85
82
81
79
75
80
83
80
76
77
75
73
78
80
76
73
75
73
68
70
71
68
67
73
78
78
82
84
79
76
75
75
73
75
78
76
76
77
77
74
74
75
74
74
76
77
78
79
80
80
83
84
81
78
75
74
73
73
73
70
72
75
80
82
83
80
73
69
70
72
74
76
76
75
77
81
80
78
76
75
72
71
73
72
70
71
72
72
75
79
76
73
73
74
75
76
79
78
76
73
71
73
76
80
80
78
72
69
71
75
80
83
86
86
82
80
80
77
72
73
73
70
68
72
72
70
72
75
72
70
71
69
66
68
71
69
69
74
77
76
76
73
66
63
66
69
71
77
79
75
72
72
71
68
72
76
77
78
79
77
73
73
72
69
68
69
69
68
69
71
72
72
71
70
69
69
70
73
76
76
76
75
76
77
78
79
78
76
73
71
71
75
78
79
78
78
79
78
78
80
80
79
78
77
74
71
70
69
69
71
76
77
77
75
71
68
66
68
72
77
80
79
79
78
75
74
74
73
70
68
71
74
78
79
77
74
73
72
73
75
73
69
67
68
70
76
81
81
79
77
75
73
75
77
76
73
71
70
67
70
73
73
73
76
79
80
84
84
78
72
69
67
66
70
72
68
65
66
66
69
77
82
78
75
76
75
74
77
77
72
69
71
71
70
73
74
71
70
71
69
71
76
76
74
74
76
74
74
77
76
72
70
68
66
66
71
73
73
76
79
79
77
79
77
73
71
69
67
70
73
72
71
72
72
69
