51
54
56
52
56
61
58
58
60
60
52
52
57
52
52
58
61
57
57
65
60
57
61
62
58
57
64
61
58
63
66
63
62
67
69
68
71
73
71
68
69
70
70
70
72
74
75
74
71
71
70
68
69
72
74
74
72
71
68
66
68
72
72
70
69
68
65
66
70
70
69
68
67
65
67
73
74
72
69
66
61
61
66
69
71
73
71
69
69
71
72
71
70
67
65
68
70
71
70
67
64
65
70
73
73
73
71
66
66
71
71
69
71
76
68
63
67
70
69
67
69
63
58
63
68
69
66
69
67
66
71
74
74
72
70
66
66
70
71
72
69
68
65
65
69
70
69
68
70
72
74
77
74
71
66
64
66
70
73
71
67
61
61
66
72
75
75
72
65
61
65
70
72
71
69
66
60
62
68
68
67
66
68
67
67
71
70
69
67
68
69
69
71
71
71
71
68
65
64
64
64
66
68
70
68
68
68
68
73
80
86
88
89
90
89
87
86
85
83
80
77
77
74
74
