53
51
52
55
57
60
62
63
62
64
65
63
63
63
61
60
63
64
63
64
64
63
64
67
66
63
64
63
60
62
64
63
63
67
68
68
74
78
75
75
77
75
74
79
79
73
71
71
66
63
66
66
62
63
64
61
58
61
60
56
60
65
67
67
71
72
70
72
74
73
71
73
75
73
73
73
70
64
62
61
59
59
59
59
57
58
62
63
63
64
64
60
61
66
66
67
72
74
71
73
78
75
72
74
72
68
68
71
67
64
66
64
60
62
66
61
59
66
67
65
67
72
68
68
75
75
73
71
74
68
66
72
73
71
68
69
63
63
70
72
71
69
72
66
67
74
75
72
69
74
72
75
84
88
88
86
86
85
85
87
87
86
85
85
85
89
89
86
82
82
81
80
78
78
85
