52
50
50
51
54
60
64
65
65
66
65
65
66
63
56
54
56
59
62
67
69
68
68
68
66
65
66
65
61
62
64
65
66
68
68
64
65
68
70
74
78
77
73
70
69
68
70
75
77
78
78
78
76
76
76
74
73
73
73
73
75
78
78
76
73
70
68
70
71
72
72
72
71
71
73
74
74
75
73
72
72
73
71
71
71
71
72
76
77
76
75
75
73
73
76
77
75
75
74
72
70
71
73
72
72
76
77
74
73
72
68
66
69
73
74
75
75
73
72
72
73
72
70
70
69
69
71
74
74
73
71
70
72
75
77
76
74
71
69
69
72
75
76
77
75
75
76
77
79
80
79
77
75
75
75
76
77
77
77
79
80
80
79
76
73
70
71
73
74
75
76
75
73
73
73
72
72
74
75
76
76
75
73
71
70
70
71
71
71
71
73
74
76
77
77
74
73
73
73
73
75
73
70
69
71
72
74
76
76
75
76
78
79
81
81
77
74
72
71
70
71
73
72
72
74
76
76
76
76
75
74
75
78
80
81
82
81
78
78
80
80
80
81
80
79
79
79
77
74
74
72
70
72
73
72
74
80
83
82
83
80
75
74
78
78
78
80
80
77
76
79
79
77
78
78
77
78
82
83
79
78
76
75
76
80
80
76
73
71
69
69
73
76
75
77
78
79
80
83
83
81
83
86
87
88
88
87
86
86
84
80
82
84
84
81
78
75
70
69
70
70
70
72
74
74
76
79
78
75
73
72
73
76
79
79
77
76
74
75
78
79
77
76
76
75
76
79
80
78
78
81
83
86
89
89
87
85
85
83
81
80
79
76
75
77
79
80
82
79
75
75
76
76
77
81
83
84
85
86
83
78
76
75
75
77
81
81
78
79
79
78
78
78
75
71
71
72
75
76
78
75
72
72
74
75
76
77
74
72
72
74
76
77
78
76
74
76
80
83
84
85
83
80
80
82
82
80
79
79
79
80
82
82
78
75
74
73
76
79
79
78
78
77
76
79
80
78
75
73
71
71
74
74
73
71
72
71
72
75
75
73
73
76
78
78
78
74
70
66
65
68
72
76
77
75
74
74
72
73
75
74
71
70
72
73
74
76
77
76
75
76
79
77
77
77
77
75
75
79
79
78
78
79
77
75
78
77
76
78
80
79
75
75
74
73
74
76
76
75
76
76
74
74
75
74
73
75
75
75
76
78
76
73
73
72
73
76
77
73
72
74
75
75
76
76
72
70
70
71
73
76
78
76
74
74
73
73
75
77
75
75
77
78
76
75
75
72
73
77
81
82
83
83
78
76
77
79
78
79
82
83
83
84
82
76
74
75
75
77
80
80
75
75
77
77
77
78
77
72
70
71
71
72
75
75
71
71
70
70
70
72
72
73
74
76
76
76
76
74
75
78
79
79
78
77
74
72
74
76
77
77
77
75
75
76
76
75
75
79
81
82
83
83
79
73
73
72
73
74
75
72
69
70
72
75
77
79
78
76
76
74
73
73
72
68
66
69
70
72
75
75
72
70
71
70
70
73
73
69
67
69
68
70
74
76
74
73
74
72
70
71
71
