54
61
61
58
66
67
63
64
68
66
59
63
62
52
50
55
57
55
64
71
65
63
66
65
61
64
73
72
71
79
83
78
75
78
73
66
70
75
73
73
79
78
73
76
80
76
74
79
75
73
76
78
72
69
73
71
69
76
76
71
70
75
73
70
77
78
71
70
76
76
71
75
80
78
76
80
81
74
72
72
72
70
75
81
78
78
76
72
69
72
76
76
78
78
72
70
71
74
74
77
79
74
72
77
77
73
74
75
70
69
74
76
73
78
81
76
70
71
72
71
74
76
74
71
71
71
72
75
76
75
75
74
70
70
72
73
74
75
74
72
73
75
74
74
74
73
71
70
72
75
77
76
74
73
71
71
75
78
76
73
72
68
68
72
75
74
72
73
71
70
75
77
75
73
74
71
73
79
82
79
79
80
74
73
77
79
76
76
79
74
76
81
83
80
81
87
81
78
80
81
76
74
80
78
76
78
80
77
75
80
78
76
77
80
78
75
80
81
79
76
77
75
69
71
74
74
74
77
77
76
76
76
74
74
76
76
75
79
81
77
76
78
75
72
74
78
76
77
81
78
74
75
74
69
71
77
77
73
77
80
77
78
83
84
80
82
86
83
80
81
77
71
71
74
75
79
83
81
77
77
79
80
82
83
79
73
73
75
75
78
80
78
72
72
75
76
77
79
78
73
72
74
77
79
78
76
73
73
75
80
85
86
83
77
77
75
78
82
83
80
75
76
75
74
78
80
79
75
75
77
79
79
80
78
72
71
73
78
81
84
87
85
82
79
78
77
77
77
75
72
71
72
74
75
76
76
74
73
76
77
79
78
78
77
75
75
77
79
80
80
79
79
80
81
84
85
84
79
75
75
75
79
85
89
86
82
81
79
76
75
76
73
71
72
73
73
73
75
75
76
78
76
77
79
80
79
79
80
75
72
72
73
73
78
85
87
87
85
84
80
78
78
76
75
76
77
80
84
87
88
86
84
81
77
81
86
85
83
79
76
72
72
76
77
81
85
86
84
82
83
80
75
74
76
75
76
83
84
82
81
80
76
73
77
77
74
75
77
74
72
75
75
71
70
73
75
77
80
82
81
77
75
72
73
77
80
83
87
88
89
89
89
88
87
87
88
88
88
88
85
79
73
68
67
69
76
81
81
79
74
68
66
70
72
73
74
76
76
74
74
74
73
71
70
75
79
82
85
85
82
76
73
74
73
74
76
78
79
81
84
81
80
80
82
81
83
87
85
83
84
83
80
78
78
73
72
77
83
87
89
89
82
77
76
77
76
76
78
77
75
77
79
79
77
76
74
73
75
78
79
78
76
75
72
73
76
78
76
74
77
78
78
80
80
77
71
72
73
74
77
81
82
79
81
82
80
83
85
83
76
76
80
78
80
84
84
81
84
86
81
81
84
83
79
82
84
77
73
75
72
69
74
80
78
76
81
78
73
75
78
75
70
71
70
66
68
71
69
66
71
74
73
77
80
75
69
70
73
72
74
79
78
73
73
73
70
72
78
78
75
76
76
71
71
77
78
80
84
86
82
81
84
81
77
81
82
79
78
82
80
74
76
77
72
71
74
73
