53
51
51
54
55
58
62
66
65
64
63
61
61
61
63
61
62
64
63
64
65
67
69
72
76
74
72
67
66
68
72
75
74
75
77
77
77
79
81
78
75
75
74
72
71
73
73
73
74
76
74
74
77
76
74
73
74
71
69
71
71
68
66
68
69
71
76
79
77
74
74
71
70
74
76
75
71
73
76
76
79
79
76
70
69
70
72
79
82
79
71
67
66
67
72
76
76
73
70
70
70
75
78
78
75
73
74
76
78
78
73
67
62
63
69
74
77
76
74
69
69
70
72
72
70
70
70
73
76
77
78
75
72
69
70
69
69
73
75
76
74
77
78
76
75
74
73
71
72
73
72
73
76
76
74
74
75
74
73
73
72
68
66
67
70
74
77
78
77
77
73
70
71
70
68
68
71
72
74
79
80
76
73
74
71
69
72
73
69
69
75
76
76
78
76
70
69
71
71
71
75
75
70
72
77
79
79
83
84
76
73
75
74
74
79
81
76
76
79
77
74
76
76
69
70
75
75
74
79
79
74
76
79
80
82
87
86
81
83
85
84
83
85
81
75
78
79
80
83
86
83
79
81
80
77
78
81
78
77
83
83
79
81
81
74
73
78
76
73
77
80
75
75
81
82
79
81
80
75
73
78
80
81
84
82
77
77
78
75
73
76
76
73
73
78
79
78
82
84
82
83
86
86
85
85
82
78
76
76
76
77
79
80
77
75
76
77
74
74
76
74
72
74
78
77
78
81
82
82
84
84
82
81
78
73
71
74
77
75
76
78
73
70
73
76
77
81
86
84
84
84
84
84
86
88
86
87
88
83
81
83
83
79
82
83
77
74
75
74
69
70
74
74
76
82
82
77
77
77
75
75
78
80
78
80
82
79
75
74
71
68
72
76
77
77
76
74
71
74
76
75
77
81
81
80
82
82
79
78
80
80
80
82
83
83
83
83
82
86
89
89
86
84
79
72
73
77
78
78
79
76
70
72
74
74
75
77
73
66
67
69
70
75
81
79
74
77
75
70
72
76
74
69
73
75
72
72
75
71
66
67
69
68
70
76
74
71
71
69
66
67
72
73
73
77
78
74
73
77
76
73
75
78
77
77
81
80
78
80
83
81
81
85
85
81
81
83
80
79
80
78
74
71
74
75
78
84
86
83
77
74
70
70
75
77
79
77
74
73
73
73
73
75
74
72
74
79
79
79
80
78
74
71
75
76
76
78
78
76
74
74
74
74
78
79
79
82
82
79
76
74
71
70
75
75
72
74
76
75
77
82
81
76
75
75
71
71
77
80
79
77
76
74
72
75
78
79
79
77
78
76
76
76
76
76
72
72
76
78
79
82
83
77
72
75
76
76
78
79
75
71
69
70
71
73
76
76
78
79
79
81
81
80
79
82
84
85
86
84
80
74
74
74
75
78
80
80
78
78
75
74
75
74
72
68
69
67
68
71
73
72
69
73
74
76
79
80
77
73
73
72
73
77
79
78
74
76
77
77
79
81
79
74
75
79
78
78
79
80
79
82
85
83
81
80
78
73
75
81
79
75
75
70
63
64
68
69
70
74
74
71
72
