52
50
51
56
59
62
64
63
61
61
63
64
64
63
61
58
59
61
62
65
67
64
62
64
66
66
67
69
67
67
71
73
73
77
82
79
76
76
76
72
72
75
75
75
78
81
79
75
75
73
72
73
78
78
77
76
73
70
68
71
72
74
78
79
78
75
75
73
70
70
71
72
69
70
71
69
70
73
73
71
72
73
73
74
76
76
74
74
75
76
76
76
74
70
69
70
74
77
82
82
78
75
74
72
72
75
75
71
69
70
72
73
75
75
74
73
73
73
72
73
73
71
69
71
71
70
71
73
74
74
78
79
74
71
71
70
68
74
79
78
79
80
79
75
77
80
78
76
77
76
74
74
74
72
72
75
74
70
72
72
71
71
75
76
75
77
77
72
69
70
70
71
73
73
73
73
76
76
76
76
74
71
71
73
73
75
77
76
75
75
74
71
72
73
74
76
77
73
67
66
68
72
78
82
83
81
81
80
76
76
77
73
69
70
70
70
73
76
74
70
70
71
71
75
79
79
78
81
83
85
86
86
87
87
88
88
85
84
83
82
81
79
78
78
79
79
75
72
73
74
76
79
79
77
75
75
73
72
76
77
75
75
78
78
78
82
81
78
77
79
78
77
80
80
82
85
87
85
84
85
82
81
81
81
81
85
86
81
77
78
76
76
79
77
70
67
68
69
74
81
85
86
89
88
83
83
84
81
80
85
86
83
84
83
75
68
72
76
78
82
83
77
72
75
75
74
77
77
75
75
82
85
86
86
81
74
74
77
77
79
80
77
74
75
78
75
74
75
74
71
74
80
83
85
87
85
84
83
82
80
79
77
76
79
82
82
80
80
79
78
79
82
83
80
76
73
73
76
78
78
74
69
68
71
76
82
85
83
80
77
75
74
75
75
72
71
71
73
75
77
77
76
75
75
77
78
76
74
74
73
73
74
75
77
77
80
81
81
81
81
79
77
77
79
81
82
82
80
80
80
79
79
78
78
76
74
73
74
74
73
73
75
74
74
76
77
74
69
69
70
72
75
77
77
74
72
71
72
73
76
77
75
75
75
76
74
73
72
71
71
71
75
78
79
80
80
79
77
77
77
75
75
76
75
73
73
74
73
72
75
78
79
80
80
80
78
77
76
74
74
73
76
79
83
85
84
83
79
72
68
66
67
70
73
76
77
78
79
79
79
77
74
71
72
72
71
71
71
68
66
68
72
74
77
80
80
76
76
75
72
69
70
70
70
73
77
78
77
77
75
72
72
74
75
75
75
78
81
84
85
83
78
75
73
75
78
81
83
83
80
77
75
73
72
72
73
73
76
78
79
79
77
74
72
72
73
74
75
78
78
77
78
78
74
70
69
67
67
72
76
75
75
76
71
67
68
69
68
71
78
79
79
80
78
73
71
71
69
70
76
80
80
82
83
77
73
73
72
71
75
80
82
82
82
78
74
72
71
71
75
79
81
82
84
83
80
80
78
75
72
72
74
76
78
78
76
75
72
70
71
73
75
78
80
78
77
76
73
69
68
70
70
74
79
81
80
82
81
76
72
73
71
70
72
73
72
74
78
78
75
76
75
73
76
81
82
83
84
81
