52
52
61
56
57
70
73
67
61
66
64
62
71
75
72
67
72
72
69
76
80
78
71
72
78
76
77
80
78
73
73
80
82
83
85
83
76
74
81
83
81
82
79
74
75
84
86
82
78
73
68
69
75
76
75
76
75
74
76
81
81
77
75
70
67
70
75
74
68
68
68
68
72
80
84
83
84
83
80
80
81
78
72
74
75
78
81
82
79
72
71
70
71
72
72
71
68
71
78
82
81
78
76
73
73
77
76
71
68
69
68
70
76
78
76
75
76
73
72
79
80
75
72
75
75
77
84
87
83
78
79
75
70
72
75
74
72
75
76
73
74
74
72
69
71
73
73
73
73
74
73
74
76
75
71
70
73
74
75
79
78
71
69
76
79
79
82
82
76
73
79
80
77
80
81
72
67
74
77
76
78
79
72
69
77
79
76
78
80
74
72
80
79
73
73
75
70
68
77
81
79
80
82
79
78
82
83
82
84
86
81
76
76
76
73
73
74
76
75
75
75
76
78
81
81
79
79
79
79
81
82
84
85
87
88
89
86
82
80
77
76
80
83
80
77
74
73
74
80
83
79
76
75
77
78
82
88
88
85
82
82
84
85
87
88
89
89
89
88
86
83
81
78
74
75
75
74
