56
52
51
58
63
63
64
70
67
65
68
69
64
63
65
65
64
69
73
72
71
71
75
73
75
77
76
72
67
70
70
71
75
79
80
74
74
77
74
74
75
75
71
72
79
79
78
79
78
72
69
71
73
74
77
79
77
75
74
75
73
72
73
73
73
75
74
71
68
66
66
68
71
73
74
76
76
73
72
72
72
70
70
72
71
70
73
76
74
73
74
73
68
70
74
73
72
73
72
69
68
73
74
74
75
76
73
72
74
72
70
69
69
68
70
74
72
72
73
74
72
73
77
74
72
71
71
70
70
74
75
75
75
75
74
73
75
75
74
73
74
76
76
77
76
75
71
70
72
73
76
75
75
73
71
70
69
74
77
78
78
79
80
77
76
77
73
68
68
71
71
73
77
77
70
70
72
72
72
76
79
75
74
73
71
71
74
76
73
73
75
75
78
81
82
77
72
69
68
71
77
81
78
75
74
74
76
80
82
80
80
81
81
81
85
84
80
78
78
76
78
84
86
84
83
83
82
82
81
81
82
85
86
84
84
83
78
75
77
79
79
82
83
80
76
77
75
74
77
79
78
79
81
78
75
75
74
71
72
76
76
75
77
77
72
70
72
70
71
75
79
79
80
82
79
78
79
77
73
73
75
72
73
75
72
67
66
66
63
64
70
73
74
78
80
75
74
80
83
83
82
82
84
89
90
89
86
81
81
