54
52
50
53
55
58
65
68
67
64
64
63
60
62
65
64
62
65
66
66
71
76
74
69
68
62
57
60
66
65
64
69
69
67
71
75
73
72
78
76
73
76
80
76
74
78
76
73
76
82
79
73
72
68
64
65
67
62
57
61
62
59
63
68
65
61
65
65
61
64
69
66
61
64
66
65
70
76
73
68
68
63
58
62
66
62
61
66
65
60
64
66
61
60
66
66
66
70
72
69
69
74
75
77
82
83
74
68
69
67
69
74
77
74
71
74
74
76
80
81
79
76
78
78
78
77
71
66
66
68
71
73
74
71
69
74
79
82
82
83
80
75
74
74
72
72
75
73
70
71
73
74
74
78
77
75
75
76
76
73
75
75
75
77
78
79
78
81
80
78
76
72
68
66
70
72
75
77
75
71
68
72
75
79
83
83
83
80
81
81
81
78
73
71
67
69
75
79
75
68
68
66
70
77
81
78
73
76
74
72
75
79
73
66
70
69
71
77
81
73
65
69
67
70
80
88
83
78
84
78
74
79
85
80
76
86
86
80
85
88
80
71
76
73
63
66
72
69
64
71
73
67
71
78
76
71
75
76
70
69
74
72
67
68
67
66
65
71
73
73
77
75
76
76
79
79
79
81
77
76
74
77
78
80
85
84
86
87
87
84
80
80
76
76
74
74
71
69
70
70
73
73
72
71
70
73
75
79
79
79
80
78
77
75
76
73
70
71
72
74
78
82
80
75
74
75
75
80
87
89
88
87
86
85
83
81
76
75
79
78
73
71
71
70
73
78
77
73
71
72
68
70
75
76
74
73
76
73
77
82
80
75
75
79
76
78
81
78
74
74
79
76
79
84
82
76
74
78
76
79
83
82
77
76
80
79
79
80
78
73
72
76
78
81
82
82
79
76
78
79
79
79
79
80
78
78
81
83
81
80
82
78
72
72
73
71
70
74
73
71
73
76
77
78
82
81
80
80
82
81
80
81
76
71
71
71
71
72
77
76
75
79
81
81
81
84
84
80
83
87
86
83
83
81
76
77
79
77
74
75
74
71
74
75
72
69
72
74
72
75
78
75
71
73
73
71
76
79
75
70
72
73
70
72
74
71
67
73
76
75
78
80
77
72
75
78
75
77
78
75
70
73
78
76
79
80
77
71
74
76
76
80
82
79
73
77
79
78
81
82
80
77
79
81
81
84
83
80
79
82
82
81
82
79
73
70
74
74
74
74
72
69
71
75
77
78
78
75
71
71
74
76
77
79
77
74
73
73
74
75
75
73
72
72
75
76
76
77
76
77
76
78
79
79
81
82
84
83
83
83
80
80
80
78
74
75
74
72
74
78
79
78
79
79
77
79
80
78
75
76
76
75
78
80
79
79
80
79
76
78
78
74
74
73
71
68
69
70
68
68
69
68
68
72
74
73
75
77
77
77
79
78
74
73
71
70
70
74
79
79
83
85
84
83
83
81
75
74
71
70
73
78
81
81
84
83
79
78
81
79
73
74
73
69
69
75
76
72
77
78
76
78
83
83
79
83
83
78
78
82
81
75
79
80
73
72
76
74
69
74
78
73
