50
50
50
53
55
56
62
68
68
67
67
64
60
60
61
60
59
61
61
61
66
70
68
65
64
63
61
65
68
68
67
68
69
70
74
77
78
75
73
72
71
73
75
78
77
75
74
72
71
75
79
75
71
75
74
71
76
79
73
70
75
76
74
77
77
69
64
69
69
69
74
76
69
66
70
68
69
75
77
70
67
72
71
71
74
75
68
68
74
73
72
75
76
70
70
74
73
70
73
74
71
71
74
75
72
71
71
70
71
76
78
72
70
70
70
71
72
74
69
68
69
71
71
72
75
71
68
69
70
70
70
73
70
67
70
75
75
72
74
72
68
72
78
76
71
71
72
67
73
82
82
76
73
79
75
77
85
85
79
74
77
75
72
77
77
75
72
75
78
75
77
78
76
74
73
79
77
75
74
73
72
70
77
78
75
75
76
75
73
74
77
69
70
73
76
75
75
78
72
71
77
83
82
79
82
81
77
81
84
82
76
76
78
75
79
85
85
79
75
77
72
74
79
80
75
72
77
75
75
80
83
81
82
86
85
82
87
88
85
83
84
85
86
87
86
84
78
78
78
78
76
76
77
71
70
70
72
74
74
77
75
71
69
72
73
73
75
77
73
75
81
83
81
79
78
72
72
74
75
72
72
75
71
72
76
76
73
71
75
73
76
82
85
83
79
81
79
77
79
80
77
74
76
79
79
81
82
79
74
72
75
76
77
78
78
73
73
78
78
78
78
78
75
75
81
82
79
79
77
71
67
71
73
71
72
74
72
71
75
77
74
75
77
75
72
73
74
69
69
73
75
75
78
84
83
83
83
84
85
86
88
89
90
89
88
87
83
80
81
77
74
78
81
78
76
79
78
73
75
77
74
71
74
75
70
73
78
74
72
76
78
72
74
79
76
73
77
81
74
73
78
73
71
73
76
73
72
77
72
70
72
76
73
71
79
77
75
76
78
76
71
74
73
71
72
72
72
70
74
75
76
77
78
77
75
76
77
79
81
80
79
79
80
80
82
82
79
77
75
74
73
76
76
74
72
70
70
71
75
76
74
73
70
68
69
73
73
71
73
75
73
76
79
78
73
73
74
71
74
77
77
72
72
76
74
78
81
79
74
72
75
73
76
79
77
73
73
77
75
78
82
80
76
76
78
75
76
78
75
71
70
72
71
75
81
82
79
78
78
74
74
77
75
71
71
72
68
69
73
73
71
73
76
74
74
77
76
73
74
76
74
75
79
78
75
75
79
77
76
79
79
76
77
80
79
80
83
83
80
81
84
82
81
81
81
76
76
80
80
79
79
79
75
74
75
75
74
73
74
75
77
79
78
75
74
74
74
74
75
76
74
73
73
74
75
76
75
74
74
74
76
78
78
76
73
73
72
72
74
78
78
78
78
76
74
74
76
77
78
81
83
84
82
81
78
77
77
76
74
71
73
75
78
80
81
79
76
76
75
75
75
76
75
72
71
71
71
72
73
73
73
74
72
71
70
69
69
71
74
75
76
76
74
71
70
72
70
70
71
70
67
67
72
73
74
77
77
75
75
77
75
75
76
77
75
76
80
80
80
80
78
74
74
76
74
73
75
76
74
76
78
