48 79 96 50
67 87 62 148
60 83 80 244
65 71 80 244
67 91 64 338
68 95 46 436
53 79 78 436
65 71 64 530
63 79 58 632
60 67 76 630
65 71 60 726
67 83 62 820
51 71 96 820
63 71 62 916
62 59 66 1012
60 75 98 1012
63 87 64 1110
65 71 62 1204
50 71 96 1204
62 59 78 1300
59 79 80 1398
60 67 96 1398
62 83 46 1496
48 67 96 1590
55 79 64 1686
63 79 160 1590
53 67 58 1784
72 79 58 1786
55 59 50 1876
56 87 74 1976
65 63 140 1978
53 79 108 2070
51 59 64 2166
72 71 132 2166
53 79 80 2262
55 87 82 2356
63 43 142 2356
51 71 60 2454
50 67 80 2550
72 55 96 2550
51 47 80 2646
53 79 96 2742
62 55 130 2742
50 71 78 2838
71 71 48 2934
48 71 80 2934
50 67 78 3030
51 63 64 3126
60 55 112 3126
63 59 114 3222
48 47 78 3318
67 87 96 3318
72 87 94 3416
62 63 78 3510
53 75 96 3510
72 83 96 3606
50 79 64 3702
71 79 96 3702
69 83 76 3800
55 67 96 3894
62 55 112 3894
67 83 78 3990
71 75 76 4088
53 75 94 4086
74 71 78 4180
63 59 80 4276
55 71 96 4276
74 83 114 4374
51 55 78 4470
72 67 94 4470
70 75 64 4564
63 55 94 4662
56 67 112 4660
68 79 96 4756
72 79 64 4852
55 71 128 4852
75 79 114 4948
65 59 78 5044
57 83 130 5044
75 75 128 5140
74 75 96 5236
53 87 144 5236
72 83 64 5332
65 67 94 5428
58 83 128 5428
70 71 96 5522
74 71 80 5618
57 83 148 5618
77 83 64 5714
67 75 66 5810
59 75 144 5810
77 71 128 5908
75 87 96 6004
55 63 128 6004
74 83 46 6100
75 79 78 6196
60 71 114 6196
68 83 80 6292
72 39 80 6292
67 75 64 6386
70 43 82 6386
68 87 60 6486
72 79 78 6486
74 87 68 6578
58 87 96 6578
70 63 48 6674
67 95 64 6674
68 79 46 6772
65 75 62 6772
70 71 46 6868
67 103 62 6868
72 91 80 6964
56 75 142 6964
70 83 66 7058
68 71 80 7154
67 83 64 7250
65 79 64 7346
63 83 46 7444
62 87 48 7538
60 47 32 7634
74 79 78 7732
58 99 96 7732
70 67 46 7828
67 107 62 7828
65 83 62 7924
68 55 62 7924
67 95 46 8020
70 67 48 8020
72 59 62 8116
56 87 142 8116
65 71 62 8212
68 79 62 8212
67 55 62 8308
63 55 78 8308
68 79 34 8402
65 79 64 8402
70 79 78 8500
68 71 64 8594
55 83 158 8500
67 63 64 8690
65 63 64 8786
63 75 48 8882
61 79 64 8978
60 59 64 9074
58 83 32 9170
72 87 62 9268
65 87 62 9364
68 67 62 9364
56 95 174 9268
63 59 62 9460
67 75 64 9460
65 83 62 9556
68 63 62 9556
70 79 62 9652
55 71 96 9652
67 87 62 9748
63 79 80 9748
62 55 62 9844
65 59 62 9844
63 75 48 9940
67 87 48 9940
68 83 62 10036
53 79 142 10036
62 71 78 10132
65 55 78 10132
63 79 62 10228
60 63 80 10226
65 71 46 10324
62 67 62 10324
68 119 48 10450
67 127 62 10484
60 75 64 10514
51 79 160 10418
68 111 64 10530
58 71 78 10612
68 111 78 10612
60 47 64 10706
68 79 62 10804
65 35 30 10900
58 83 78 10900
50 71 222 10804
56 75 62 10996
64 39 96 10996
58 75 78 11092
65 51 78 11092
68 119 32 11202
67 123 48 11250
56 83 64 11284
68 127 64 11284
48 83 162 11186
68 127 48 11378
55 59 80 11378
56 83 48 11474
68 75 62 11572
74 47 32 11666
46 87 128 11570
77 71 46 11764
58 99 48 11762
75 83 64 11858
74 71 64 11954
72 35 48 12050
70 55 30 12148
50 83 78 12148
68 55 48 12242
67 67 46 12340
51 79 78 12340
70 47 48 12434
75 79 46 12532
48 79 62 12532
67 67 32 12626
44 87 62 12724
65 67 62 12724
75 67 48 12818
46 79 46 12916
65 51 80 12916
74 75 48 13010
39 71 110 13108
75 71 142 13108
70 63 82 13202
68 63 46 13300
51 63 126 13300
70 59 48 13394
72 87 62 13492
44 55 94 13492
68 63 62 13588
67 79 64 13684
51 59 80 13682
68 79 64 13778
70 71 78 13876
43 87 94 13876
67 83 62 13972
65 59 62 14068
51 63 78 14068
67 79 48 14162
68 91 78 14260
41 75 158 14260
65 71 80 14354
63 59 78 14452
50 71 126 14452
65 75 64 14546
51 71 48 14644
67 103 80 14644
63 75 62 14740
55 55 94 14740
53 79 64 14834
62 67 64 14834
63 75 48 14932
55 59 80 14932
56 59 62 15028
53 75 64 15122
60 75 174 15028
51 75 46 15220
68 91 62 15220
53 75 50 15314
55 83 62 15412
58 71 142 15412
51 51 80 15506
50 59 62 15604
51 75 64 15698
67 83 158 15604
53 79 94 15796
56 55 126 15796
50 75 62 15892
48 59 96 15986
65 79 126 15988
50 67 78 16084
51 71 78 16180
55 67 78 16180
58 79 64 16274
55 59 78 16372
63 63 78 16372
56 87 80 16562
67 87 226 16466
65 75 80 16658
58 83 78 16756
63 59 80 16756
62 63 32 16850
60 59 94 16948
67 87 110 17044
56 71 80 17138
65 67 80 17234
63 63 366 16948
72 79 240 17138
63 51 78 17332
58 71 96 17332
63 67 30 17428
70 87 160 17332
67 51 190 17332
46 71 66 17522
62 43 64 17618
65 43 176 17522
68 51 194 17522
51 63 64 17810
46 47 64 17906
43 55 48 18002
39 67 254 18100
58 51 768 17716
63 75 768 17716
67 51 768 17716
51 67 110 18484
70 99 80 18578
69 83 78 18676
53 79 110 18676
70 91 98 18770
75 95 78 18868
55 71 110 18868
70 87 80 18962
69 87 76 19062
51 55 124 19062
70 87 98 19156
77 99 96 19254
50 67 124 19254
70 79 78 19352
69 87 94 19446
48 59 128 19446
70 83 78 19540
50 51 96 19636
80 87 116 19636
70 87 98 19732
69 83 78 19832
46 79 124 19834
70 87 78 19924
51 75 68 20018
79 83 84 20018
55 55 82 20118
75 103 62 20212
56 75 64 20212
55 71 96 20308
74 123 50 20420
44 51 86 20404
72 79 24 20474
74 95 70 20498
55 47 90 20498
72 83 48 20548
71 95 44 20568
56 47 62 20596
72 87 82 20612
55 51 96 20694
77 83 48 20790
50 79 64 20790
53 43 44 20886
74 107 48 20982
55 59 78 20984
53 59 84 21074
43 71 48 21174
72 111 50 21204
71 91 28 21256
53 71 46 21272
72 75 70 21284
71 63 34 21332
69 83 48 21332
55 75 46 21368
71 75 66 21380
53 59 48 21462
75 95 44 21558
48 87 94 21558
63 83 66 21652
60 87 62 21752
62 59 64 21750
63 83 68 21842
67 111 76 21942
58 71 94 21944
63 95 50 22038
62 63 60 22134
56 63 92 22134
63 83 52 22226
70 83 80 22326
55 67 112 22326
63 83 60 22422
62 71 76 22518
53 59 112 22518
63 79 48 22614
73 87 60 22710
55 59 124 22710
63 83 46 22804
51 55 46 22900
62 71 80 22898
63 83 48 22994
72 83 80 23094
56 63 80 23094
60 59 96 23190
61 71 60 23290
68 111 78 23288
60 63 80 23382
67 127 28 23498
49 71 66 23476
65 95 50 23542
67 79 30 23596
60 7 84 23574
65 71 32 23628
64 83 42 23628
61 39 62 23670
60 43 64 23764
65 95 142 23686
55 71 64 23860
70 75 82 23860
58 63 82 23956
67 95 64 24052
60 59 66 24052
58 47 82 24148
66 75 14 24264
65 115 46 24264
48 63 66 24244
64 91 42 24298
65 35 32 24358
58 63 68 24342
64 59 34 24378
62 51 62 24392
60 59 64 24436
64 83 128 24438
58 43 50 24532
53 83 82 24628
68 127 96 24628
72 79 64 24724
71 43 62 24820
56 75 94 24820
72 79 98 24914
53 79 48 25012
73 63 94 25012
72 83 96 25108
61 63 66 25204
71 83 80 25204
72 75 98 25298
67 87 80 25396
52 71 158 25396
72 87 82 25490
71 95 108 25590
55 59 124 25592
72 79 98 25682
73 83 96 25780
51 79 112 25780
72 87 96 25876
71 95 80 25972
60 67 126 25972
72 83 94 26070
65 71 110 26164
50 79 128 26164
72 99 118 26258
74 107 96 26356
53 59 96 26356
76 83 96 26452
77 95 94 26548
49 67 114 26548
70 83 80 26644
69 83 94 26740
58 71 112 26740
70 87 80 26836
79 87 114 26932
48 71 144 26932
77 99 112 27030
76 99 78 27124
50 59 126 27124
74 87 98 27218
72 71 94 27316
52 75 112 27318
70 67 112 27412
68 87 94 27508
48 71 142 27508
67 103 96 27604
53 79 76 27702
68 79 114 27700
56 71 46 27796
65 87 94 27796
55 43 62 27892
64 79 110 27892
56 51 64 27986
65 87 96 27986
51 51 78 28084
72 87 96 28084
60 59 62 28180
68 87 96 28180
58 63 62 28276
67 87 94 28276
60 67 80 28370
68 99 98 28370
77 83 96 28468
49 59 96 28468
75 83 126 28564
73 103 98 28658
53 51 98 28658
72 87 114 28756
58 55 62 28852
70 87 112 28852
68 43 82 28946
67 51 48 29042
61 59 78 29044
65 51 98 29138
51 59 62 29236
67 127 78 29236
63 83 78 29332
55 59 78 29332
53 75 62 29428
62 67 78 29428
63 87 62 29524
55 63 78 29524
49 55 46 29620
70 95 78 29620
67 103 78 29716
58 79 78 29716
56 47 62 29812
65 87 78 29812
67 103 62 29908
58 67 62 29908
75 71 94 30004
48 75 110 30004
73 79 96 30100
51 47 46 30196
72 71 114 30196
70 75 112 30290
68 87 78 30388
56 63 110 30388
67 99 98 30482
60 51 64 30580
65 63 94 30580
64 47 96 30676
49 79 62 30772
65 83 142 30772
53 71 98 30866
51 59 62 30964
69 95 142 30964
53 51 96 31060
54 59 78 31156
70 99 128 31156
53 59 96 31252
51 39 78 31348
72 103 176 31348
53 35 96 31444
46 51 78 31540
73 103 142 31540
53 63 96 31634
55 59 64 31730
76 103 128 31730
56 67 98 31826
55 63 78 31924
77 87 158 31924
53 67 80 32018
52 79 62 32116
79 95 110 32116
53 43 32 32210
72 83 78 32308
44 75 80 32308
76 99 64 32402
77 83 62 32500
41 71 110 32500
80 83 64 32594
70 67 46 32692
48 51 142 32692
79 83 64 32786
77 83 62 32884
36 75 110 32884
76 79 32 32978
68 71 80 33076
72 75 32 33170
41 71 142 33076
76 75 48 33268
44 83 62 33268
77 71 32 33362
67 75 78 33460
73 63 48 33554
46 79 158 33460
72 83 62 33652
48 71 126 33652
70 79 48 33746
68 95 46 33844
53 63 94 33844
67 87 46 33940
65 91 62 34036
55 47 126 34036
64 83 80 34130
65 91 78 34228
56 47 110 34228
68 79 80 34322
60 63 78 34420
63 63 96 34514
53 47 190 34420
62 71 80 34610
58 67 80 34610
68 71 80 34706
65 71 46 34804
46 67 46 34804
62 79 48 34898
58 83 112 34994
56 95 48 35090
55 67 64 35186
53 71 48 35282
67 107 78 35380
51 55 78 35380
65 95 46 35476
63 87 78 35572
53 79 94 35572
62 71 78 35668
63 83 94 35764
55 63 110 35764
67 99 62 35860
51 55 48 35954
59 79 80 35954
62 87 64 36050
60 83 78 36148
56 75 78 36148
67 83 80 36242
63 79 78 36340
44 67 142 36340
60 95 64 36434
55 87 48 36626
56 87 192 36530
53 67 32 36722
51 51 30 36820
65 107 62 36916
50 71 78 36916
63 83 64 37010
62 95 62 37108
51 59 78 37108
60 67 98 37202
62 95 78 37300
53 59 94 37300
65 79 96 37396
50 59 62 37492
68 79 94 37492
60 71 78 37588
59 83 94 37684
55 63 96 37684
65 95 112 37780
62 35 62 37876
59 87 48 37970
43 75 142 37876
55 63 64 38066
53 87 46 38164
59 95 62 38164
60 83 46 38260
51 63 46 38260
50 63 46 38356
62 83 62 38356
48 71 62 38452
50 63 80 38546
51 51 78 38644
48 67 48 38738
63 119 398 38452
67 95 222 38644
44 63 62 38836
55 67 78 38932
70 79 96 38932
53 39 46 39028
51 39 46 39124
68 87 192 39028
67 91 112 39124
50 43 78 39220
65 91 96 39220
51 43 80 39316
67 115 94 39316
53 79 64 39410
68 95 112 39410
50 47 78 39508
72 95 768 38836
65 95 110 39508
46 59 78 39604
62 87 110 39604
56 75 62 39700
72 95 110 39700
55 59 78 39796
70 87 110 39796
53 51 62 39892
68 91 96 39892
67 95 110 39988
51 63 110 39988
68 107 112 40082
70 71 94 40180
50 59 110 40180
67 111 96 40276
60 103 110 40372
51 51 126 40372
73 99 64 40466
52 71 96 40564
72 87 110 40564
70 99 96 40660
68 103 96 40756
53 67 110 40756
70 87 110 40852
72 91 78 40948
52 71 142 40948
68 103 80 41042
62 107 96 41140
53 71 110 41140
75 103 118 41236
74 95 80 41334
54 83 160 41334
72 95 76 41430
55 71 44 41530
71 95 92 41528
53 71 46 41620
67 83 100 41620
51 59 42 41724
72 91 76 41722
74 95 46 41812
53 71 48 41812
55 79 64 41910
72 91 96 41910
75 83 108 41910
67 95 96 42006
43 63 28 42102
71 95 114 42102
74 95 114 42102
65 95 78 42200
36 71 72 42302
48 75 46 42392
51 79 32 42488
55 87 30 42584
60 75 364 42680
72 127 808 42300
67 123 808 42300
63 91 810 42298
