82
77
77
63
64
75
78
72
68
74
67
70
79
79
71
62
68
69
71
77
77
71
63
64
69
72
76
78
78
76
75
76
70
65
63
63
63
69
83
85
83
80
76
70
67
71
70
70
71
67
64
67
77
76
76
78
77
75
74
83
79
70
65
62
59
58
70
76
74
72
71
67
62
64
68
72
76
76
74
74
76
76
78
77
69
58
55
55
55
63
73
78
78
79
76
73
74
74
70
67
70
72
74
76
75
70
66
66
65
71
77
77
72
70
69
63
68
77
81
78
76
76
69
70
75
75
69
67
69
63
65
76
80
72
67
72
67
68
75
75
65
58
64
66
70
82
86
78
70
69
60
57
67
71
68
68
76
70
64
72
74
66
63
69
68
69
79
79
67
62
66
63
65
77
77
67
65
70
69
72
80
81
74
71
73
68
68
73
69
61
63
68
65
68
72
70
65
66
68
65
72
78
73
69
75
73
67
74
81
76
70
71
69
62
66
69
63
62
68
70
71
81
80
70
63
61
57
54
67
78
82
85
89
85
71
63
58
56
60
66
72
74
78
78
73
71
70
69
62
62
69
76
79
79
80
75
66
62
68
74
70
69
70
72
74
77
76
65
57
59
66
71
77
79
70
62
63
67
71
77
82
75
68
73
78
79
77
73
65
59
64
70
74
75
74
72
67
66
68
67
63
61
64
73
81
86
86
81
71
63
63
69
72
73
74
73
69
71
76
75
70
65
59
54
62
74
79
77
74
67
61
69
78
78
75
74
72
63
67
73
72
70
74
73
66
71
75
69
61
61
62
63
76
83
76
70
71
68
63
73
79
74
69
71
70
66
76
81
74
69
73
71
61
64
65
58
56
67
76
76
84
86
79
71
70
69
64
68
73
72
70
72
71
64
64
65
64
65
68
69
67
68
70
72
79
83
79
75
70
69
67
68
67
63
65
71
76
79
79
73
61
56
61
66
71
74
74
70
73
80
78
74
72
69
65
64
70
68
66
68
69
68
71
76
71
66
65
68
71
72
76
74
70
66
65
69
73
80
80
74
62
55
57
63
69
73
79
79
74
74
76
72
66
68
70
66
65
71
70
65
68
72
68
67
71
70
65
69
74
71
70
76
79
76
75
68
54
50
59
67
73
85
88
79
72
70
65
58
63
71
74
77
80
78
70
71
71
68
66
67
66
61
63
66
69
72
71
70
67
68
67
72
75
75
74
73
76
76
77
77
74
71
65
63
64
68
73
71
69
69
71
72
74
77
78
77
76
76
71
68
64
61
59
64
75
79
81
78
71
64
58
62
69
77
82
79
78
75
70
69
70
69
63
61
66
72
79
82
80
75
72
71
72
76
75
68
64
66
68
76
82
83
77
72
68
65
70
77
76
71
70
68
65
70
75
73
70
74
76
76
83
84
76
68
67
65
64
72
75
67
61
63
62
66
79
84
77
72
76
74
73
80
81
72
66
70
69
66
72
73
68
66
69
66
69
77
78
74
75
78
74
73
77
75
69
65
63
58
59
68
72
73
78
84
82
78
78
73
64
61
60
58
65
72
73
71
75
75
70
