75
71
81
87
71
65
68
63
56
66
77
70
69
74
68
58
62
68
62
61
66
64
58
65
71
69
69
71
69
62
66
68
65
66
65
66
64
68
71
71
70
66
68
71
74
71
72
72
63
61
67
73
71
75
77
67
64
70
73
69
72
72
61
59
67
72
72
78
79
66
59
56
54
58
70
77
71
71
73
64
59
65
68
62
64
69
64
62
71
77
71
72
71
59
54
62
70
69
74
79
68
60
64
69
65
69
75
66
60
68
78
74
73
78
71
63
63
66
60
59
68
67
65
69
73
68
67
72
68
64
66
69
67
64
66
65
65
69
75
73
69
66
62
58
57
66
73
77
78
71
61
59
65
68
72
77
77
68
65
67
70
69
69
68
63
64
70
74
73
70
68
64
64
68
69
66
65
67
63
61
65
70
67
61
63
62
57
63
70
70
64
65
66
61
64
69
66
57
58
69
68
70
76
72
60
53
62
62
62
70
72
65
59
69
72
69
70
69
62
54
58
68
71
72
74
70
65
63
63
59
55
57
62
67
73
76
73
61
52
51
54
60
63
67
66
63
65
65
62
57
55
54
55
64
70
70
67
63
57
51
58
65
68
69
68
61
51
55
63
65
64
65
63
57
61
68
68
65
66
67
60
62
66
66
65
66
65
53
53
59
63
64
65
67
61
60
63
64
63
63
67
66
64
66
65
63
59
63
67
64
62
62
59
53
54
60
59
59
64
69
64
60
66
66
57
56
62
59
53
56
63
61
64
73
74
67
64
60
54
53
62
67
67
68
68
68
67
67
64
63
64
65
66
66
61
61
66
69
65
61
60
61
63
60
59
59
60
63
65
65
65
65
64
63
58
55
55
