88
85
71
67
65
63
72
81
78
68
68
65
59
66
76
73
64
69
68
61
69
77
72
65
72
70
61
70
77
70
61
65
63
57
66
76
75
70
78
77
65
65
68
64
60
68
75
67
69
77
79
73
72
77
70
68
74
75
66
65
76
74
71
76
76
62
52
59
60
60
70
77
69
61
71
68
59
63
70
65
58
71
80
67
64
69
65
60
67
75
71
71
69
64
62
68
73
65
67
69
66
66
71
72
61
61
65
68
73
74
69
61
59
62
66
71
72
66
59
55
54
59
68
71
69
67
64
65
71
74
70
62
57
54
60
73
81
79
69
62
57
61
67
68
66
65
65
65
71
74
72
66
58
53
58
68
74
74
72
69
63
62
65
67
65
62
59
58
64
67
65
63
66
65
62
70
72
66
63
72
72
67
78
83
72
62
68
69
63
71
74
67
59
65
67
61
68
71
67
65
73
74
66
71
72
58
52
61
66
68
76
74
62
57
64
68
69
70
65
56
57
69
75
81
84
73
58
52
53
57
69
81
79
72
73
71
65
66
70
65
59
60
62
63
63
63
65
67
72
77
75
74
72
70
69
66
63
59
58
63
66
64
66
68
66
66
72
75
73
74
72
63
59
64
68
69
75
76
68
68
74
71
64
63
61
57
61
69
72
73
76
70
60
61
64
60
59
66
67
62
64
70
72
72
71
68
64
61
63
66
73
72
68
62
60
62
64
73
75
75
70
63
59
57
63
63
64
66
69
72
73
72
66
63
57
55
60
66
70
70
77
76
71
69
71
71
65
70
69
61
62
67
66
56
57
60
55
58
67
69
63
67
70
65
69
78
78
68
66
70
62
61
69
70
65
64
67
61
64
71
71
64
61
64
59
60
69
71
68
68
72
71
68
69
64
58
57
66
68
70
75
74
68
64
68
66
64
71
71
64
63
75
82
75
71
67
58
51
57
63
58
62
70
73
72
75
74
63
57
61
67
72
78
77
67
64
63
64
65
68
66
58
63
69
65
65
69
72
65
67
74
70
66
68
69
64
60
65
65
58
62
76
78
74
76
75
64
56
60
63
65
69
72
70
63
65
69
71
72
71
65
56
63
73
76
74
67
58
51
57
64
68
69
68
61
59
70
79
81
77
71
60
54
60
65
67
69
68
62
59
65
67
61
63
65
62
62
68
69
63
66
70
69
70
74
72
61
59
62
60
59
67
72
67
70
75
71
65
68
69
63
65
71
74
71
70
70
65
67
71
71
64
59
56
50
54
64
72
72
72
74
75
73
71
74
71
66
60
62
63
64
69
70
70
65
66
69
66
66
67
67
63
68
75
75
72
70
65
60
63
67
65
63
70
73
68
66
69
67
61
68
76
72
67
68
69
62
62
69
69
68
68
66
60
62
68
70
70
72
72
68
71
79
77
71
71
69
63
70
74
69
64
66
62
52
63
77
71
62
64
63
58
66
75
73
67
71
72
66
72
78
73
65
61
57
51
60
70
69
67
67
67
64
68
71
68
67
70
71
69
76
79
73
66
61
57
53
61
71
72
70
68
64
57
64
68
70
70
69
65
55
57
60
63
66
68
72
