75
71
78
84
83
81
78
74
64
68
74
75
72
72
74
71
75
81
80
75
73
71
67
72
82
85
81
75
70
61
64
75
80
80
82
84
76
73
77
77
74
77
81
75
76
81
77
70
72
77
72
76
82
77
69
71
74
70
74
79
71
64
63
65
63
70
75
70
69
74
78
76
81
80
69
62
64
68
73
84
87
78
70
63
55
53
64
72
73
78
82
79
74
75
70
61
65
69
71
77
84
79
68
70
70
64
68
76
72
61
64
66
63
70
78
73
64
66
69
69
74
78
71
64
65
64
66
74
75
66
65
70
69
71
82
82
69
62
63
61
65
80
87
82
82
78
65
61
64
61
56
68
78
76
79
80
67
53
56
59
58
70
82
78
71
76
71
59
65
72
67
64
76
77
72
81
85
74
65
68
62
58
74
83
77
72
75
67
59
69
75
72
73
81
73
65
74
79
71
65
69
65
64
73
74
68
64
67
63
66
76
78
76
78
82
77
77
83
81
74
71
72
64
64
72
74
72
73
79
74
71
71
72
73
72
68
63
64
67
64
70
80
78
73
74
73
65
67
73
73
71
77
80
74
75
75
71
66
71
76
76
81
82
77
73
76
75
68
70
71
68
67
72
73
67
70
77
77
73
72
73
75
77
78
78
75
72
70
69
72
77
77
73
76
74
68
67
70
73
73
78
81
83
80
74
69
65
63
56
59
68
69
74
79
79
69
67
67
62
63
69
71
66
69
71
66
66
71
72
68
73
76
73
77
81
74
64
65
65
62
74
87
84
77
79
72
60
65
73
69
67
77
76
68
75
78
68
60
65
66
62
76
87
80
71
72
65
56
65
75
73
71
76
75
70
76
77
69
66
68
65
67
78
80
74
72
75
70
68
74
73
69
69
74
72
74
78
76
69
67
71
70
69
71
71
68
67
72
77
81
83
80
70
61
62
68
73
78
80
76
71
74
76
74
75
75
68
61
67
71
70
73
75
71
66
70
75
75
78
79
74
72
75
74
72
75
74
70
72
75
72
69
72
69
64
68
75
75
77
83
77
69
68
66
60
64
72
70
70
76
78
76
79
78
66
58
58
56
58
69
72
66
68
71
67
71
80
75
65
69
67
57
64
79
77
73
84
86
70
69
74
62
51
62
71
71
79
82
70
58
64
63
62
75
79
72
71
77
70
70
83
83
73
74
76
64
64
75
73
62
68
72
62
69
83
79
69
76
79
64
66
76
71
63
70
80
72
73
83
77
65
62
64
60
66
79
79
76
72
70
67
66
70
71
72
74
75
78
81
84
84
83
80
80
81
82
79
75
73
65
63
66
70
73
74
75
73
73
74
77
81
80
76
69
70
72
74
79
84
82
74
72
68
64
65
69
71
71
80
80
75
73
72
65
58
65
72
74
77
80
78
71
73
75
72
70
69
71
71
74
75
75
75
74
73
73
75
68
68
73
77
78
82
87
79
70
68
69
73
77
83
79
71
66
62
64
67
73
77
76
75
72
73
69
65
64
64
62
64
74
79
79
75
72
64
61
69
71
69
69
71
69
69
74
74
71
66
61
57
58
62
61
65
69
66
61
