67
68
75
61
65
81
87
68
65
77
64
62
74
81
66
56
67
62
60
71
80
70
56
68
67
60
70
79
75
59
64
69
58
64
76
75
60
63
75
66
68
80
85
71
66
74
63
54
66
78
70
63
68
64
56
67
80
77
70
72
74
66
66
76
73
68
65
63
56
55
65
69
69
69
67
62
69
75
74
71
65
54
53
59
69
75
75
72
67
64
62
68
69
67
64
63
68
68
72
73
71
68
67
70
65
64
64
66
66
66
68
65
60
55
55
60
70
78
76
72
66
61
63
69
72
68
64
59
55
57
64
70
73
75
71
64
62
67
70
70
70
68
68
66
67
67
65
64
64
69
70
68
68
65
58
54
59
63
63
63
62
60
63
71
71
70
71
73
67
62
68
64
63
70
74
64
56
63
62
61
65
69
70
71
81
79
73
69
63
55
50
57
60
62
72
73
69
68
72
68
60
62
71
67
63
72
77
71
66
68
64
60
66
73
72
71
73
69
62
64
70
72
71
72
70
66
65
67
66
65
68
68
67
67
66
63
64
71
72
65
63
64
61
63
72
76
71
72
74
65
61
68
71
71
71
72
71
72
73
73
72
71
65
60
65
66
