88
73
66
67
68
68
71
79
69
65
69
68
70
74
83
73
64
63
60
62
70
80
78
73
72
63
59
64
74
78
79
80
73
63
60
61
67
70
77
78
73
66
60
67
71
77
83
81
70
57
63
69
68
78
82
72
54
55
70
69
78
86
82
65
56
64
67
64
72
74
67
62
68
76
73
77
79
71
61
57
65
68
74
79
75
69
64
67
68
67
70
72
73
71
73
75
73
72
70
69
66
67
70
70
72
72
70
62
57
55
58
64
75
81
77
75
73
71
69
71
71
63
61
61
63
65
71
73
66
61
59
62
66
73
77
74
72
69
68
68
68
66
68
69
69
70
72
69
63
61
62
60
64
72
74
68
65
67
64
61
66
68
63
60
65
68
68
75
79
75
69
65
62
66
69
70
69
69
68
65
69
70
66
63
66
67
68
71
72
67
62
66
66
65
65
62
59
62
70
70
71
73
69
62
66
76
71
67
66
59
51
55
68
69
69
72
67
56
64
77
71
68
76
73
59
60
69
64
60
70
73
60
61
69
64
62
70
76
63
60
65
58
56
67
77
70
68
73
65
60
65
72
69
63
72
74
65
65
67
69
66
65
69
66
61
61
65
69
73
74
76
72
62
55
57
63
66
67
72
72
63
61
67
71
68
65
69
69
67
75
80
76
64
60
62
62
60
58
56
61
70
75
74
72
70
66
61
63
65
63
64
66
72
80
80
74
65
59
55
56
69
80
79
74
72
66
59
63
72
71
64
65
69
72
79
80
74
66
61
59
58
57
57
57
63
74
76
67
64
71
66
60
65
67
60
61
77
79
72
74
74
66
57
64
66
65
73
77
74
71
74
69
67
72
68
56
57
70
67
69
78
74
62
60
72
70
70
74
69
58
56
68
68
73
83
77
62
57
65
63
68
79
78
65
59
66
63
61
70
73
64
58
63
67
65
74
77
71
64
63
65
65
73
76
70
68
69
71
66
67
71
67
64
65
67
64
68
72
68
61
60
68
67
64
65
66
64
63
70
75
74
71
69
64
60
60
64
68
65
63
63
64
64
63
70
74
68
61
63
62
59
66
77
75
66
66
65
58
58
68
72
70
74
73
66
63
65
64
60
60
60
59
61
68
71
70
73
72
67
64
67
68
66
68
66
63
63
66
65
64
70
71
70
70
72
73
69
71
70
67
63
64
66
66
70
68
61
60
67
70
66
67
66
64
64
66
67
65
69
69
66
66
66
64
62
68
67
64
67
72
72
69
75
75
70
72
73
69
66
74
74
71
72
72
66
62
70
69
61
61
67
69
67
75
77
70
67
68
65
61
68
74
71
68
71
70
65
66
69
65
61
63
65
64
68
73
74
70
69
69
68
72
80
84
80
77
73
67
64
63
60
60
62
63
66
71
74
74
77
79
72
66
65
63
60
64
71
68
68
72
72
65
64
67
66
69
76
79
73
71
71
68
66
68
65
60
62
66
66
71
78
77
69
65
59
53
55
64
69
69
73
74
69
65
66
65
62
65
68
70
71
69
64
59
61
65
70
74
72
68
68
70
69
66
66
63
61
65
68
68
70
75
74
71
73
72
