81
73
69
70
66
69
69
69
66
72
78
74
76
76
73
70
74
74
67
69
68
62
65
74
73
69
76
78
71
74
78
70
66
72
69
64
72
78
69
66
72
70
71
84
88
76
74
76
67
60
70
72
65
71
80
75
71
78
75
64
67
73
70
66
70
71
65
70
75
75
71
76
80
73
74
75
71
63
62
66
66
70
74
74
68
69
75
72
70
71
70
59
61
70
69
68
76
79
70
73
83
76
70
76
73
64
68
78
69
67
76
74
67
72
80
66
61
75
73
67
69
78
66
66
82
83
75
73
78
63
59
75
78
72
66
70
57
58
76
79
75
70
75
61
60
77
78
69
61
68
62
65
83
86
75
64
61
61
64
69
66
61
59
60
64
78
83
72
54
50
50
57
58
58
73
