80
72
82
81
66
70
81
78
68
74
75
61
68
77
71
62
68
74
64
72
84
79
70
70
71
58
65
75
72
69
68
72
64
67
68
59
59
66
78
79
86
85
71
61
57
67
69
77
78
68
64
64
75
73
75
75
70
68
68
79
77
75
70
63
63
67
80
78
74
73
71
66
64
74
69
63
61
63
64
68
78
72
63
60
62
62
67
79
75
69
68
70
72
73
76
72
69
71
72
73
73
69
60
61
68
73
73
71
67
59
57
67
74
73
70
67
60
57
64
68
66
66
68
64
64
70
74
72
69
66
64
72
78
73
69
71
63
59
69
79
76
71
78
70
62
68
72
65
55
61
61
60
70
76
69
55
53
50
58
74
80
71
61
64
58
60
73
74
66
66
71
66
69
78
77
64
61
66
65
71
81
76
63
64
69
69
73
74
64
52
58
67
70
73
73
64
55
60
65
67
70
73
68
65
70
73
71
68
64
59
59
69
76
76
73
68
66
72
82
84
78
75
68
56
54
62
65
62
66
72
70
68
74
70
62
63
67
67
67
72
67
57
60
66
66
72
83
80
70
75
80
72
66
71
67
58
67
80
78
73
75
73
61
67
77
78
76
73
68
60
61
63
64
64
64
63
64
71
70
69
67
66
64
63
74
79
78
76
75
70
67
72
73
69
63
65
67
69
74
76
76
67
67
70
68
67
68
68
60
61
64
61
62
68
70
64
68
70
63
61
69
72
66
74
80
76
71
74
68
59
68
75
72
70
78
73
63
71
74
64
61
68
61
54
62
65
57
59
72
74
69
78
79
70
67
71
64
59
69
72
65
68
73
72
65
68
67
65
71
73
68
64
65
60
56
64
66
64
66
69
65
62
71
71
67
71
76
71
68
74
69
60
61
70
66
66
76
75
69
68
74
69
65
70
70
64
60
70
67
63
68
69
69
66
72
72
69
70
67
60
51
59
65
66
73
78
76
68
73
76
72
74
78
74
64
71
72
68
70
74
70
62
71
72
67
71
75
68
61
71
67
60
66
71
64
56
65
63
58
64
71
65
60
70
65
62
71
77
67
60
70
65
62
70
77
70
64
70
63
58
63
70
65
63
71
66
63
70
78
72
66
70
68
68
74
80
75
70
70
67
68
72
77
72
68
69
65
70
74
69
59
59
66
64
68
73
69
59
59
65
63
67
72
70
64
66
70
68
72
74
72
66
70
73
71
71
67
60
55
63
69
73
77
74
66
59
61
64
66
69
65
59
62
68
68
70
73
72
69
77
89
84
80
80
73
62
59
68
73
74
79
78
71
68
69
67
63
62
64
63
67
70
70
73
75
74
71
72
74
74
74
76
73
72
73
74
70
69
72
70
67
65
66
64
62
64
66
71
71
68
65
64
66
65
68
68
68
71
71
69
64
64
63
65
72
74
72
67
68
65
62
68
73
74
71
70
62
57
63
69
70
70
77
72
66
72
73
69
66
74
72
70
76
76
66
61
72
71
74
85
87
74
65
66
57
55
64
70
66
68
76
69
67
71
69
60
62
69
61
62
70
69
60
64
70
60
61
67
66
