74
83
78
68
79
78
69
71
83
82
73
84
82
62
55
61
63
58
75
88
76
72
76
72
61
66
81
74
68
79
85
74
68
75
67
56
64
72
67
66
77
74
66
71
77
68
64
74
70
70
80
85
74
68
76
70
66
76
75
63
59
70
67
63
78
82
67
62
72
70
61
68
78
74
68
77
79
66
63
66
65
61
71
79
72
71
68
61
56
59
69
69
74
75
67
63
66
70
68
72
74
64
62
72
74
65
68
70
62
60
70
73
67
74
79
69
60
62
67
64
69
73
68
63
63
64
66
71
73
71
70
69
63
63
69
71
72
72
69
64
65
69
69
69
70
68
64
63
67
74
77
76
72
69
64
63
72
78
76
71
69
62
59
68
73
70
66
67
62
60
70
75
71
69
70
65
67
76
79
73
71
73
61
61
69
73
68
69
74
64
65
74
75
66
68
79
68
63
69
71
63
63
76
73
69
73
77
69
64
73
68
62
61
67
65
62
74
79
75
70
74
72
62
66
73
71
68
70
70
68
72
73
70
69
71
68
67
77
81
73
71
72
63
56
63
72
69
72
79
72
63
66
69
60
64
77
73
64
68
74
67
67
76
73
64
68
79
75
72
72
64
54
56
63
65
71
77
73
66
68
72
72
73
74
65
55
59
66
68
73
77
73
61
62
69
70
71
73
70
61
58
63
69
74
73
67
60
61
65
74
82
83
76
63
62
58
62
71
73
68
59
62
63
61
69
73
70
62
63
69
74
75
76
70
58
54
58
67
73
79
81
75
68
64
66
66
67
68
66
60
58
62
66
71
73
74
68
61
65
70
73
74
74
72
65
62
64
68
69
71
69
67
67
69
73
76
75
66
60
61
60
67
78
85
80
72
74
72
67
65
67
64
63
68
73
74
72
72
69
68
71
68
71
75
76
71
71
72
66
64
63
64
62
68
80
81
82
81
79
71
64
65
62
63
66
69
73
78
81
79
75
69
65
61
70
81
79
77
71
66
59
60
68
66
71
78
80
76
75
78
71
61
59
62
60
64
79
80
75
72
71
63
60
70
73
71
73
77
72
69
72
72
60
55
59
61
68
75
82
80
72
66
57
58
62
65
68
71
72
73
73
73
73
71
71
71
71
71
72
71
65
58
55
56
62
74
83
83
76
66
54
51
58
64
67
70
75
76
69
69
67
63
57
56
66
73
78
82
83
76
63
59
59
57
57
60
63
64
70
75
68
64
64
64
63
68
77
73
71
73
74
70
67
68
59
57
65
73
78
80
80
69
59
57
60
60
61
68
68
66
71
76
77
74
73
69
65
66
72
75
74
73
70
64
64
68
71
68
64
73
76
78
80
79
71
59
59
60
60
66
73
72
66
70
72
69
75
81
75
61
62
69
66
68
75
73
67
73
77
68
67
72
69
62
69
74
62
58
65
60
56
67
79
75
72
81
76
66
71
76
71
63
67
67
60
65
71
66
60
68
74
69
75
81
72
59
63
69
65
70
78
73
63
64
67
60
65
73
71
64
64
64
55
56
65
66
66
74
79
75
73
78
70
61
68
72
68
68
76
72
62
66
68
63
62
68
65
