76
86
78
64
76
79
66
69
81
78
64
65
74
73
68
75
71
60
60
63
71
78
82
73
58
54
56
62
75
88
83
72
71
67
62
67
79
75
63
67
73
70
73
82
78
63
65
71
66
68
77
75
66
72
81
75
71
74
67
57
65
78
75
75
82
71
55
59
72
70
68
78
77
63
65
75
73
65
62
60
58
67
78
79
74
68
60
57
62
68
75
77
82
77
68
65
59
57
59
65
72
73
69
58
56
63
69
71
74
76
69
60
58
60
63
69
79
81
75
66
59
55
57
61
67
73
77
73
65
60
58
59
62
68
76
77
73
67
64
64
67
71
78
78
69
66
66
66
63
62
63
60
61
66
69
68
67
66
58
59
69
77
78
75
72
64
61
65
70
74
77
76
68
65
60
58
61
63
67
68
76
78
69
64
64
65
63
73
87
85
77
70
61
53
52
66
75
76
78
75
67
64
69
71
66
66
68
67
65
69
72
69
65
68
71
72
75
73
70
66
62
66
71
73
68
62
63
65
67
73
78
74
68
64
63
63
67
71
70
64
64
66
69
78
82
75
60
56
59
61
71
82
81
65
55
61
63
66
74
75
68
64
70
74
74
77
73
60
55
64
66
64
71
75
70
62
69
70
62
64
68
65
57
65
75
72
69
67
64
57
61
68
72
75
76
70
60
59
61
59
66
76
76
69
71
70
62
61
66
69
65
68
67
58
56
62
64
67
69
70
71
72
72
72
73
70
68
65
63
65
67
70
65
62
58
57
62
68
78
77
70
68
69
71
73
72
63
56
53
53
57
69
82
78
69
65
65
63
70
83
81
70
61
58
57
56
56
57
59
62
70
72
72
72
72
75
74
68
68
66
57
59
67
74
69
70
72
63
58
62
69
67
70
76
75
71
71
71
62
62
65
65
73
74
71
63
64
65
62
66
75
79
73
69
66
64
61
60
60
61
65
70
73
73
