81
78
76
73
69
69
75
75
74
77
74
71
73
78
72
67
72
69
65
70
75
68
65
72
69
63
71
76
69
64
74
67
57
67
76
70
67
81
77
63
73
81
71
63
75
70
60
75
84
73
66
77
67
59
76
82
69
64
77
63
56
71
78
68
68
84
71
61
73
75
60
57
75
62
56
73
78
66
61
75
60
53
69
75
65
63
81
68
58
70
75
63
57
73
66
59
73
77
65
58
72
68
61
74
79
67
56
66
66
60
73
79
69
57
62
65
62
72
79
72
64
64
66
62
64
66
60
58
66
72
76
74
69
61
57
61
65
74
74
73
71
70
69
65
69
64
60
63
69
73
72
73
67
59
60
66
72
71
72
68
60
61
66
70
69
70
69
59
58
69
77
74
72
67
54
54
66
72
74
77
78
65
62
69
68
64
67
74
70
69
75
73
67
65
70
66
63
68
69
67
67
73
72
69
69
67
63
63
71
73
70
65
60
60
63
72
75
76
77
72
64
61
69
74
76
74
70
62
58
65
76
81
80
76
72
61
58
65
70
70
71
75
72
69
76
78
66
57
58
63
65
78
85
78
68
61
61
64
75
78
71
67
70
72
72
79
73
62
57
59
63
70
86
87
76
68
64
61
57
68
73
71
70
71
73
67
68
63
58
60
62
66
70
76
75
72
71
67
62
61
63
63
68
77
78
75
74
69
59
60
66
65
65
72
74
67
68
74
68
59
63
64
58
62
70
68
60
66
73
65
66
72
67
59
65
76
71
69
73
66
54
58
70
68
69
73
67
55
58
66
66
66
67
60
55
67
77
74
73
72
62
56
66
72
66
69
72
67
62
70
70
60
58
61
59
63
74
76
68
66
67
67
70
79
80
73
67
62
60
65
76
77
73
72
67
63
65
75
77
74
74
71
65
63
68
72
74
78
77
70
66
65
65
67
74
73
64
57
60
66
68
73
75
70
64
62
63
65
72
73
71
72
73
69
68
75
75
69
68
72
69
66
74
72
66
67
72
68
62
66
66
61
64
75
75
68
70
64
56
58
70
70
66
76
76
66
66
73
69
61
67
66
58
60
71
70
66
73
73
63
62
68
66
61
72
78
69
65
67
60
54
65
73
73
74
76
70
59
65
68
65
64
70
70
63
70
73
70
66
71
72
64
66
69
66
60
65
71
66
67
71
68
58
62
69
65
70
76
74
65
70
76
68
69
74
73
66
68
75
70
70
68
65
61
64
68
65
74
79
76
74
73
67
56
58
63
67
73
80
77
65
68
68
64
65
70
69
57
64
75
78
79
81
80
69
69
71
71
68
67
69
67
75
82
82
74
66
62
58
65
75
82
81
76
74
68
67
71
74
72
70
73
71
70
69
68
65
63
70
75
78
77
75
69
65
68
68
73
76
75
73
73
75
75
80
79
75
72
71
66
61
69
74
76
82
85
80
70
65
63
62
66
73
78
78
77
75
74
73
69
68
69
70
70
72
75
71
68
69
69
69
72
76
73
67
65
64
67
75
80
78
73
70
68
72
79
79
75
71
67
66
71
76
72
70
75
75
73
78
