81
77
69
67
76
82
86
89
87
77
72
77
73
72
74
73
63
60
71
70
73
81
82
69
66
74
69
66
71
72
65
71
80
77
75
79
71
60
68
73
70
74
87
81
68
71
70
62
70
83
79
72
78
76
71
79
82
69
68
74
67
68
82
85
70
68
72
60
60
78
82
70
69
72
57
57
74
77
71
75
77
59
58
73
73
64
69
72
62
69
79
74
67
74
73
60
68
78
73
70
74
69
58
65
71
67
70
82
78
69
71
67
55
59
74
72
67
75
74
64
67
80
74
65
66
64
56
57
71
70
67
68
70
71
68
71
65
65
68
67
74
75
76
74
72
71
67
70
70
70
68
61
63
68
73
70
70
74
66
64
70
76
70
67
76
76
71
73
75
63
51
60
70
70
72
72
63
55
64
71
72
76
79
71
64
73
80
79
77
75
68
61
68
79
79
73
68
66
63
67
77
76
65
62
70
70
69
78
79
66
58
65
69
68
74
74
67
66
73
72
70
81
83
73
69
73
68
64
73
75
68
68
73
68
66
75
75
67
72
78
72
71
77
71
62
66
69
66
73
85
80
71
73
68
56
56
67
72
74
80
80
73
70
72
72
74
77
72
65
65
69
71
73
78
81
79
72
69
67
66
66
62
55
55
65
75
80
82
78
68
66
72
73
69
73
75
67
66
74
76
78
78
77
76
74
68
72
78
66
