85
89
78
74
77
76
75
73
67
58
59
72
77
80
79
73
64
56
61
58
62
67
67
69
71
80
74
72
69
64
63
66
75
73
72
68
65
66
67
71
73
79
78
75
75
74
70
68
74
73
72
72
73
69
65
69
66
66
68
71
70
66
72
72
73
73
75
71
64
64
61
62
63
69
74
73
76
75
73
67
69
73
68
64
62
61
58
65
75
73
69
65
64
60
66
74
74
71
73
71
62
67
75
73
67
66
64
55
63
73
72
67
65
62
54
61
74
73
66
68
69
61
66
72
66
58
60
64
62
73
87
80
70
66
62
55
62
70
65
61
65
65
61
69
77
74
72
76
74
65
67
71
67
63
64
61
53
55
60
67
73
75
71
63
62
59
61
69
75
72
65
65
63
65
73
78
73
65
67
62
61
68
76
75
64
63
61
61
64
69
67
62
64
66
71
76
79
76
68
65
59
59
64
67
69
70
71
65
65
71
71
67
64
65
63
66
76
78
73
69
70
66
65
71
73
74
75
74
67
59
62
64
68
71
73
74
68
66
65
63
60
60
67
72
76
82
80
72
63
59
59
62
74
80
78
76
71
64
61
68
74
77
82
79
70
62
62
59
59
67
69
67
69
76
75
74
79
72
58
50
57
62
69
81
81
73
66
67
67
70
73
70
65
64
67
71
76
79
72
64
60
62
68
76
80
76
70
65
59
56
59
65
64
62
63
66
66
68
75
75
70
67
69
72
69
71
70
65
59
60
68
70
74
75
71
61
59
64
62
65
68
68
62
60
61
60
67
73
74
73
77
75
66
64
61
57
55
64
67
65
69
73
71
67
70
65
62
66
70
73
75
79
67
58
59
60
62
66
75
73
69
70
66
62
65
64
59
62
69
69
63
74
75
68
69
75
74
63
69
70
62
66
75
70
57
61
64
59
66
75
74
67
75
74
67
68
71
67
60
70
67
62
71
77
73
65
76
72
60
65
71
66
56
67
66
57
67
77
74
64
71
71
63
70
77
72
62
69
67
65
72
76
70
60
67
65
66
76
78
72
63
68
61
57
69
69
64
63
69
69
68
80
80
70
64
63
61
62
71
74
70
65
62
62
65
72
75
78
75
67
61
61
64
65
68
69
63
68
73
74
70
70
69
63
66
72
71
64
61
60
61
68
77
77
70
62
57
57
63
74
82
82
76
70
67
61
66
73
76
71
67
72
64
65
69
69
61
59
69
64
69
77
79
70
64
78
72
65
69
76
72
68
76
67
57
57
65
66
68
79
75
70
70
70
68
68
73
66
59
65
69
67
72
78
73
64
65
70
68
71
75
74
67
64
69
66
65
67
69
67
68
74
75
74
69
67
66
64
66
67
73
73
73
75
71
68
66
67
66
67
76
74
68
63
63
59
54
64
70
69
71
76
77
72
76
75
67
64
63
63
63
69
72
67
65
66
66
65
73
74
66
60
63
66
66
73
74
67
63
65
67
65
68
70
68
67
69
69
65
68
66
60
60
65
65
68
80
83
72
67
66
62
61
70
73
67
66
66
58
59
69
69
64
69
75
70
69
75
67
