88
80
78
74
65
62
69
79
71
69
74
70
68
72
73
64
62
71
72
71
76
74
67
60
63
63
63
70
69
69
68
69
71
71
69
69
68
67
65
73
76
71
65
69
70
66
76
83
80
68
63
70
67
73
83
83
75
62
55
59
61
65
73
76
69
60
61
66
65
71
76
70
64
66
66
68
71
77
73
65
71
75
68
68
75
71
62
65
72
65
68
76
75
67
71
78
70
68
74
75
69
70
74
68
62
63
65
66
67
67
63
61
66
68
65
63
64
66
66
71
74
73
70
64
60
57
62
67
70
72
68
66
65
69
75
76
74
70
73
75
76
72
65
58
52
55
61
70
78
79
75
67
63
59
57
59
64
66
61
59
64
70
70
68
68
64
68
75
77
73
70
64
52
53
64
69
70
75
76
64
64
71
68
58
61
67
61
65
74
75
65
68
71
62
58
63
68
64
66
70
65
62
63
64
61
69
76
70
66
67
66
62
71
81
76
71
72
72
64
66
74
73
68
70
71
62
60
64
64
61
66
68
66
65
64
64
68
73
70
64
65
65
62
67
75
74
67
66
61
58
63
70
72
72
72
72
74
75
77
78
79
78
76
72
67
71
71
