77
77
70
60
68
73
64
70
78
75
64
67
71
54
58
72
75
66
66
82
67
61
72
72
59
52
72
74
63
75
86
70
54
65
75
58
64
85
85
66
68
81
62
56
68
69
60
66
85
74
64
71
68
57
59
74
71
65
72
69
60
60
73
70
63
71
72
66
68
77
74
63
66
66
56
55
66
77
69
68
73
66
59
59
70
68
61
64
64
59
59
68
75
70
71
68
62
61
64
68
61
65
66
62
62
67
71
63
68
70
62
58
64
69
59
61
67
58
53
61
70
62
60
68
63
56
60
70
68
64
70
65
57
59
69
74
71
77
75
63
62
68
71
66
65
69
60
55
62
69
68
61
63
57
53
66
79
80
68
64
64
53
55
66
72
63
60
67
62
61
70
78
71
66
71
70
65
71
76
69
61
62
65
61
65
71
69
66
63
64
62
63
68
67
67
65
67
67
64
67
68
69
69
70
73
65
66
69
65
62
64
75
72
69
80
83
77
71
72
63
51
61
70
69
67
73
73
61
65
66
60
57
61
68
71
74
77
80
82
83
82
78
68
67
69
68
