86
77
72
74
74
74
76
74
71
73
79
82
82
81
75
69
68
70
71
76
78
72
69
74
79
76
78
79
70
65
67
69
65
74
83
80
77
79
81
72
70
75
73
72
75
81
76
69
70
69
69
74
87
86
83
81
76
68
63
68
69
70
76
79
77
73
76
74
68
68
68
68
64
68
72
71
74
77
76
69
69
69
68
69
72
74
69
70
74
76
77
79
76
67
64
65
69
75
82
82
74
71
68
67
68
74
76
70
66
66
69
70
74
75
72
71
73
74
72
73
74
69
64
67
68
64
66
70
71
71
79
83
73
66
65
62
59
70
80
76
75
77
74
66
71
78
73
69
71
70
65
69
70
67
68
76
74
67
69
70
66
66
72
74
72
76
75
68
63
67
69
71
75
73
69
68
74
74
76
77
73
67
67
70
70
74
79
76
71
70
70
64
67
72
76
80
82
76
63
59
58
60
68
77
79
75
75
72
69
72
76
71
65
68
68
69
76
83
78
70
70
69
69
74
80
76
72
72
71
70
71
71
72
73
75
76
69
66
64
63
62
65
67
71
77
78
71
66
68
69
71
77
78
74
72
73
69
69
77
78
72
71
74
73
72
77
75
67
67
71
70
69
74
74
74
79
81
76
74
72
63
59
59
59
61
71
75
68
64
69
70
74
84
81
68
62
64
63
69
79
83
82
84
81
69
68
70
66
65
75
80
76
80
81
65
51
56
64
70
80
83
74
65
71
71
70
74
74
67
64
73
79
79
80
72
61
63
68
70
75
78
73
66
71
78
73
71
71
66
61
65
74
79
80
79
73
68
68
67
69
72
69
67
72
78
77
73
71
68
63
64
71
73
71
66
65
67
73
79
79
70
62
58
61
69
79
84
81
77
73
71
71
74
73
68
64
65
67
68
71
71
69
67
70
76
79
76
73
70
69
67
68
70
71
72
76
79
77
75
72
67
63
64
67
70
74
76
77
78
79
79
79
77
75
72
67
66
68
70
69
71
74
72
72
75
77
72
64
64
67
70
75
80
80
75
71
70
70
71
75
76
74
73
76
77
73
69
67
65
64
65
74
78
77
77
76
73
69
71
72
68
67
69
69
68
70
72
69
65
69
73
74
76
77
78
74
71
69
66
63
62
66
71
78
82
82
80
73
63
58
57
61
66
73
76
77
78
78
76
74
73
69
65
68
71
71
72
72
66
61
66
72
74
78
84
81
76
75
75
69
64
66
66
65
70
78
79
75
73
68
63
63
67
70
69
69
72
77
81
82
78
70
62
59
63
71
79
84
85
80
74
70
66
64
65
66
68
72
77
80
80
78
73
68
69
71
70
71
77
78
77
81
81
72
65
64
62
64
75
84
84
84
84
75
65
67
66
62
66
79
83
81
84
79
68
62
61
58
61
74
81
82
85
86
74
65
65
63
60
66
75
77
79
81
74
66
64
63
61
68
76
79
81
84
81
75
73
70
64
62
65
71
75
79
77
74
71
65
61
65
70
72
76
80
77
76
77
72
62
59
61
60
65
77
81
78
81
80
70
64
66
64
61
67
70
68
72
79
76
70
69
64
59
64
73
75
76
79
73
