71
80
85
73
63
65
84
58
65
84
84
80
74
68
71
62
65
73
80
83
74
57
74
69
70
81
88
84
66
60
76
65
66
78
81
74
68
65
82
68
69
76
78
78
66
63
80
63
64
74
82
76
66
72
83
62
66
79
78
71
64
70
70
58
74
79
80
79
68
70
72
60
65
73
84
78
61
66
71
55
66
86
85
69
55
72
63
56
78
86
80
65
61
70
60
70
82
83
73
65
57
68
66
68
71
69
70
66
67
82
68
66
67
71
68
63
79
79
65
63
66
64
62
73
87
75
71
74
70
67
67
73
66
55
63
66
73
77
75
75
60
60
62
73
79
70
71
61
59
65
80
87
77
71
71
57
57
72
84
77
66
74
64
57
70
81
75
65
69
72
61
71
80
74
64
62
74
70
75
86
80
68
58
63
71
67
76
78
75
67
62
72
66
68
71
71
62
55
70
79
77
80
86
77
59
58
69
63
61
73
76
62
63
76
73
70
79
81
64
60
68
65
63
72
80
73
69
74
67
62
70
77
75
72
72
66
58
63
70
74
75
76
78
74
70
70
72
71
65
63
68
69
69
73
78
74
67
72
74
68
62
69
69
64
71
79
73
62
63
65
59
64
77
78
70
70
72
62
62
73
70
62
64
73
63
65
78
76
67
69
79
69
67
77
72
58
56
64
65
66
76
76
67
68
70
70
68
76
77
71
72
68
69
67
67
67
64
72
70
67
67
63
66
66
72
75
74
78
75
74
72
71
67
65
63
58
62
67
72
71
69
75
68
66
72
78
81
72
69
69
58
61
69
76
72
65
68
66
62
67
72
73
69
67
62
67
72
71
71
75
79
71
64
68
74
69
64
68
69
67
68
70
70
59
56
65
73
78
77
73
68
61
65
74
83
82
74
68
66
59
63
74
75
72
70
67
66
69
72
73
73
78
75
68
72
72
64
61
71
76
70
75
79
65
62
73
80
69
66
77
73
64
68
73
64
62
70
73
70
72
78
75
72
75
71
69
68
70
67
68
76
74
70
76
77
69
68
74
67
61
68
73
71
72
79
74
67
69
75
74
77
82
72
66
66
63
58
64
72
67
67
79
82
75
76
76
62
59
68
68
65
74
83
71
63
70
68
62
71
80
71
62
68
68
63
72
79
67
59
62
68
68
71
79
71
64
62
63
66
67
71
71
76
75
70
73
75
64
58
68
69
59
60
71
68
58
74
86
74
66
73
70
58
68
82
75
67
71
68
54
61
76
74
67
73
76
64
63
71
69
65
65
64
62
69
80
82
80
79
75
66
63
64
63
66
70
72
71
72
72
66
64
64
68
69
71
81
80
74
71
73
72
64
68
71
67
68
74
78
69
64
69
65
65
70
71
71
70
72
71
72
75
67
56
59
66
68
76
88
83
69
64
65
58
61
71
71
66
69
77
73
71
76
71
60
55
57
60
68
77
78
76
73
69
62
68
72
71
74
76
72
62
63
67
62
65
69
69
62
63
71
69
71
73
67
62
62
66
66
73
79
77
74
70
66
64
70
70
64
66
68
62
57
67
72
70
74
78
70
