87
80
69
66
75
69
64
70
68
63
66
80
74
65
76
75
67
66
75
68
58
73
76
69
67
75
70
59
76
81
73
69
73
70
61
77
79
71
67
67
63
59
75
82
82
83
80
69
61
71
71
71
73
72
69
68
79
78
77
77
69
58
56
65
69
76
80
77
72
73
71
67
73
74
69
69
75
72
70
74
71
64
66
70
66
70
77
71
62
71
74
66
70
75
67
60
75
80
73
78
80
68
55
69
80
75
80
81
68
56
64
71
73
80
82
69
60
67
72
73
75
73
60
57
67
71
81
89
85
68
62
63
61
72
77
74
60
58
62
65
82
88
81
64
62
58
56
74
78
72
64
73
69
67
85
87
74
61
69
65
61
81
89
77
61
65
60
55
74
85
76
62
64
58
54
53
54
58
73
77
81
85
77
62
66
60
56
53
53
56
72
82
83
83
81
74
60
66
59
53
50
