78
70
76
75
61
75
85
81
71
72
77
63
73
82
80
71
69
75
67
69
78
78
70
60
65
67
67
76
82
79
68
63
67
65
64
74
79
73
71
79
79
72
76
76
66
58
64
75
73
75
79
74
68
64
63
70
72
77
76
76
71
64
71
72
70
69
72
71
62
68
73
66
63
67
66
53
56
70
68
68
81
84
69
60
68
65
58
69
78
72
67
71
73
62
60
64
64
65
70
71
69
65
68
70
73
74
69
65
60
57
61
71
77
73
72
73
64
62
67
70
63
62
67
64
66
74
76
64
56
62
57
59
76
87
77
66
72
69
60
71
82
76
63
67
67
56
63
76
75
68
73
74
66
69
76
71
63
70
72
68
71
73
66
58
67
71
73
82
82
73
63
67
65
58
69
76
71
69
78
72
61
68
74
66
64
75
76
69
75
80
73
71
78
74
63
65
71
68
67
80
86
71
69
74
69
57
61
75
72
71
77
81
74
66
68
60
56
65
76
75
72
78
73
66
71
77
71
64
69
66
68
76
82
75
70
67
66
67
78
74
67
73
80
75
67
72
67
64
74
73
60
55
68
67
65
80
89
74
63
73
69
61
69
74
67
61
75
76
69
73
70
58
55
68
73
72
84
84
73
68
75
72
64
70
69
59
59
69
72
67
72
74
69
71
73
61
54
62
69
70
72
74
64
51
55
67
72
76
80
79
67
62
66
66
66
66
66
63
62
61
61
61
67
66
67
75
78
74
66
66
62
61
69
72
69
62
63
65
67
76
78
72
63
63
64
66
74
77
70
62
64
67
69
76
77
68
57
58
58
58
66
72
72
67
73
75
71
73
75
71
63
68
73
68
70
75
72
65
70
72
64
64
66
69
71
74
77
71
73
70
61
62
69
71
66
73
77
67
66
70
67
61
68
72
67
72
81
81
73
77
75
65
66
72
69
62
71
73
68
72
77
71
64
70
69
64
66
69
71
75
80
78
74
71
69
69
78
77
71
73
