73
88
80
59
66
79
68
70
84
78
58
62
78
69
69
85
82
63
62
72
67
66
79
81
69
69
76
75
70
75
73
66
67
68
72
76
77
76
72
71
65
67
71
77
76
75
75
67
65
63
64
71
76
78
74
74
66
58
65
71
73
74
80
78
67
69
71
68
66
72
74
65
65
69
72
73
74
74
72
71
69
70
69
65
61
62
64
63
71
79
79
70
65
64
60
63
71
76
72
71
69
64
63
67
71
71
74
75
72
70
70
68
61
63
72
75
77
76
72
66
63
69
70
72
73
73
70
65
70
70
66
69
69
65
62
69
72
66
67
66
64
62
71
78
75
73
72
66
60
67
75
70
71
72
64
60
57
57
58
73
81
72
71
75
67
61
75
82
71
68
74
64
52
62
72
66
67
79
78
68
74
79
68
58
63
66
63
74
82
74
65
70
72
66
76
86
80
68
69
68
58
63
74
73
69
76
77
67
68
75
72
62
67
73
65
71
79
76
65
64
70
61
66
75
71
61
67
75
68
71
79
74
63
69
82
76
74
74
65
52
53
66
73
80
80
70
61
65
71
72
79
79
68
64
71
75
71
72
74
69
63
71
79
78
75
71
64
60
65
70
66
64
66
68
70
74
77
72
70
72
67
62
68
78
74
72
75
71
61
60
72
69
63
72
76
77
77
76
72
70
74
71
63
