82
83
81
67
56
61
66
67
78
89
80
69
74
71
64
72
82
74
63
75
74
64
72
83
78
64
71
70
60
69
79
77
69
79
79
63
65
71
68
64
79
84
72
74
78
68
60
72
77
67
73
85
78
69
73
73
64
66
77
75
69
70
73
70
67
75
76
74
70
69
67
64
71
71
70
65
64
67
62
69
76
81
74
71
74
65
61
63
68
66
65
73
72
67
68
71
67
66
75
79
74
71
75
71
64
64
68
66
66
70
71
68
68
69
65
68
75
78
73
70
69
62
63
66
68
65
65
66
63
72
81
79
68
68
66
57
62
70
70
64
66
65
59
69
81
80
64
60
68
60
62
78
83
68
58
66
65
60
75
86
75
64
66
65
61
74
85
78
72
69
62
56
68
79
77
77
75
65
56
69
73
66
71
75
71
66
73
78
71
75
78
73
73
74
72
69
69
63
57
65
70
71
74
84
74
64
76
79
71
67
75
69
53
68
76
72
69
79
83
67
73
82
75
70
71
69
63
59
66
64
64
66
63
73
71
71
72
80
79
61
57
57
51
56
76
84
76
78
82
72
65
74
74
64
65
70
67
63
71
73
71
74
76
69
68
72
69
64
64
64
58
64
77
79
77
74
71
64
66
71
71
68
65
64
59
62
71
73
72
71
76
77
75
74
67
57
50
58
65
70
76
77
70
61
66
68
64
70
77
73
62
65
67
64
62
59
57
59
67
71
68
75
78
66
62
64
68
69
80
82
67
63
60
58
58
72
78
70
75
79
70
63
72
74
62
65
77
72
70
84
83
68
69
81
70
62
75
74
63
66
82
73
56
69
73
65
66
79
76
59
67
70
61
61
71
74
59
66
77
73
74
77
78
65
64
69
58
56
64
68
65
71
82
75
73
75
72
61
57
66
64
63
71
76
71
64
69
69
69
76
79
75
70
76
72
61
62
64
61
64
77
83
74
72
73
74
74
74
66
59
57
63
68
76
82
78
75
75
74
70
67
65
62
65
70
72
74
76
74
73
76
73
67
66
71
70
72
78
72
61
57
61
60
68
79
81
75
76
80
72
68
65
59
54
62
75
75
78
80
72
63
65
70
67
68
67
59
55
63
72
74
78
72
62
56
62
67
68
72
70
66
67
75
77
73
72
68
64
66
72
75
71
69
64
62
68
73
74
70
74
71
66
72
76
74
68
70
72
65
69
74
74
67
69
73
65
70
74
69
57
61
68
60
66
78
79
64
64
68
59
58
68
68
56
61
76
73
69
73
70
54
56
71
72
67
74
76
65
65
73
69
60
65
70
66
70
77
77
68
68
65
54
57
66
69
66
74
77
69
72
77
73
64
71
80
72
73
81
76
61
63
70
63
64
77
77
67
73
86
78
69
73
70
59
65
76
71
65
71
69
59
64
72
69
62
69
72
70
71
68
65
60
61
63
66
71
68
67
65
66
71
76
80
71
69
72
70
74
80
83
71
60
62
60
60
67
75
73
68
72
75
71
74
78
70
62
62
64
62
66
73
67
62
63
68
70
74
80
75
73
75
71
68
71
72
63
59
69
74
75
76
74
64
61
71
