75
61
68
73
69
80
86
74
63
73
81
71
80
87
72
57
68
79
69
76
88
77
61
68
79
68
72
82
70
54
62
77
67
65
79
78
61
66
84
74
67
76
78
61
64
83
77
69
74
77
67
63
80
79
70
75
76
67
66
77
76
68
73
75
64
66
79
76
68
74
78
67
61
72
71
62
68
75
67
63
75
76
68
71
72
63
59
71
75
67
73
79
71
60
68
73
67
74
82
77
62
64
70
67
72
75
74
62
59
66
70
76
76
74
67
62
66
66
72
72
73
68
61
65
67
72
71
72
68
60
69
72
75
71
74
71
62
69
69
68
68
68
65
60
71
75
74
74
72
67
61
68
75
74
78
76
64
59
62
65
66
75
80
74
68
66
63
59
63
67
67
71
76
75
70
70
65
61
66
77
76
75
79
72
62
58
67
66
64
72
73
70
70
79
74
67
70
69
67
69
78
76
73
76
73
68
66
71
72
70
70
67
64
60
61
67
68
66
69
74
69
64
70
77
74
79
85
78
64
60
61
59
63
69
68
65
68
68
64
69
73
69
67
73
76
76
82
81
69
63
66
67
67
72
73
64
59
64
70
70
66
63
63
67
71
73
76
82
85
81
72
68
69
69
71
72
67
59
57
64
70
77
79
73
63
57
60
67
77
82
80
75
70
62
61
67
70
69
70
73
71
72
72
68
61
60
65
69
71
73
74
72
71
72
72
69
63
61
61
62
63
70
74
72
70
71
70
71
77
80
74
71
70
66
65
73
72
62
57
61
62
70
80
79
69
69
72
72
74
75
67
59
64
70
72
74
71
59
50
55
68
79
87
88
77
66
63
65
66
69
70
65
60
63
71
76
76
75
72
68
68
75
76
71
68
65
61
63
69
69
67
66
66
66
69
75
79
81
78
73
69
67
67
66
68
68
67
69
71
68
66
68
68
68
70
71
69
71
76
78
77
78
76
71
68
70
69
68
70
68
67
67
68
66
65
64
63
68
76
80
80
81
76
67
65
67
65
65
73
79
73
67
63
58
59
68
73
73
77
80
76
71
71
68
62
61
65
69
70
72
71
70
68
63
60
60
62
63
69
74
71
69
71
69
67
75
81
77
75
77
72
64
66
65
55
50
53
57
62
74
80
78
80
82
79
73
71
66
61
62
63
66
68
68
64
61
62
59
63
71
75
75
77
81
75
71
75
73
65
63
67
65
66
75
77
72
72
74
68
67
71
70
65
67
68
64
66
71
69
64
67
68
65
68
74
70
64
73
77
73
70
71
65
57
65
74
78
81
83
76
65
63
62
63
68
73
74
76
78
74
71
69
66
64
67
73
77
79
77
71
65
64
66
68
70
70
68
68
72
74
76
80
77
69
66
69
70
72
79
80
77
76
73
64
58
59
57
56
63
73
76
79
83
78
71
69
69
67
73
81
77
70
70
69
63
64
68
66
65
71
74
67
65
71
72
74
78
76
67
58
58
56
61
71
80
81
79
77
69
65
67
71
72
75
78
71
68
69
67
61
58
62
66
74
81
83
78
71
67
64
68
68
64
62
64
66
69
75
71
62
57
