70
83
88
78
65
68
79
70
74
76
70
60
63
75
67
69
78
77
68
65
68
62
65
76
83
81
79
76
65
59
64
69
71
76
75
67
64
69
72
72
78
76
69
66
69
72
76
81
76
68
64
65
64
64
70
72
74
80
82
76
71
69
66
65
65
71
69
69
72
68
64
68
76
72
69
75
73
67
66
73
71
65
68
69
67
66
70
70
68
70
72
73
69
67
66
68
69
70
76
73
67
67
71
70
67
73
73
68
66
68
69
67
71
72
69
67
65
64
65
71
71
71
73
71
67
67
72
69
68
72
71
63
63
72
73
68
69
70
63
61
70
74
74
77
78
70
67
74
72
65
63
61
52
55
72
78
78
80
79
64
59
72
73
69
72
75
64
58
69
69
65
71
77
70
65
77
79
74
73
71
59
53
63
70
70
73
76
69
66
74
75
71
72
75
67
62
70
72
68
66
70
68
64
72
73
70
70
74
68
61
66
69
67
68
76
74
70
73
73
69
68
73
71
67
69
67
64
65
75
75
70
68
65
63
68
77
76
73
73
70
65
65
74
77
76
73
67
62
64
70
69
65
62
58
60
69
79
81
80
78
73
68
67
71
71
68
65
63
65
68
70
70
71
72
74
75
73
73
72
68
65
62
61
61
64
68
70
72
75
79
78
79
78
72
69
68
65
60
61
68
68
72
75
73
67
67
69
66
72
76
73
68
67
71
67
72
75
68
63
66
71
70
74
77
70
61
64
70
70
70
73
69
63
67
69
66
66
70
71
68
73
78
77
76
76
71
65
65
64
62
65
70
71
70
72
73
71
71
71
68
65
65
68
72
74
75
72
70
69
69
70
71
73
73
75
73
70
70
71
72
70
70
73
72
69
67
68
64
62
64
68
69
69
69
70
73
78
80
82
84
85
84
80
77
72
67
64
69
69
