84
81
85
80
74
74
78
78
70
77
79
74
73
77
77
64
67
72
73
77
85
85
67
64
65
68
74
82
88
81
75
70
68
69
74
78
76
75
76
76
73
72
71
68
70
74
74
74
76
75
68
68
74
77
77
81
80
69
66
70
71
71
79
84
73
69
72
67
62
69
81
73
71
79
72
58
60
70
63
64
77
80
70
68
77
65
59
67
72
70
72
85
77
68
72
70
65
65
79
74
64
70
70
63
60
73
74
69
78
81
72
60
63
63
55
68
82
79
72
73
74
60
68
77
70
62
68
70
59
68
79
74
63
66
74
68
75
85
77
62
60
65
61
73
86
81
73
71
69
65
69
75
68
61
63
67
65
70
76
71
68
70
74
73
71
70
64
63
65
70
82
84
83
77
74
68
62
67
68
70
73
78
73
65
71
69
68
71
79
76
65
73
73
69
70
76
74
67
75
77
73
76
78
68
59
68
68
67
76
85
75
62
72
75
68
74
84
78
65
74
76
71
77
80
74
65
77
76
68
72
75
66
61
76
79
71
73
75
70
63
73
78
72
74
73
67
65
75
79
74
78
78
68
64
75
77
67
71
75
67
63
78
88
78
78
77
64
55
62
71
70
76
82
77
73
73
70
60
66
78
78
77
78
73
54
56
70
74
75
80
80
66
64
75
76
67
63
62
61
62
62
66
67
68
79
82
79
76
74
70
65
68
68
65
64
67
72
74
76
73
67
64
65
72
80
79
70
61
61
68
76
83
85
78
68
63
65
72
72
67
64
62
62
66
78
80
75
69
68
68
69
70
66
66
69
77
83
87
87
72
57
53
60
65
72
78
75
69
70
74
70
69
70
70
71
76
77
69
66
66
68
72
77
78
75
75
68
61
66
70
73
76
77
72
71
79
76
71
71
72
63
61
75
76
72
73
77
71
71
84
80
71
71
71
62
61
74
72
65
76
86
80
79
86
79
62
63
64
58
66
78
79
71
76
75
67
70
75
70
63
73
74
70
72
74
70
61
69
75
76
76
74
70
61
63
64
68
71
69
73
76
76
74
75
71
60
61
72
72
71
79
76
63
62
72
70
66
76
80
71
66
67
59
54
64
71
71
77
83
76
73
73
69
62
66
70
65
66
69
64
60
68
77
72
68
69
65
61
65
68
68
74
80
79
74
73
69
60
59
67
74
74
76
77
69
62
66
68
66
67
72
74
74
76
75
70
67
65
67
70
74
74
73
72
70
69
73
77
76
71
69
69
74
79
83
82
74
64
59
63
69
76
81
81
79
75
72
67
64
66
66
68
71
79
81
78
81
80
76
73
76
77
73
74
71
66
64
72
76
77
81
80
76
73
76
71
64
64
67
72
78
82
79
76
75
70
69
70
70
67
69
75
72
73
74
74
69
72
75
70
73
74
71
65
68
70
66
72
76
75
72
79
79
70
71
68
59
56
66
71
70
81
83
73
68
76
70
60
68
70
62
64
78
73
65
74
77
67
68
80
73
60
64
67
56
56
68
67
64
74
79
69
70
75
68
61
66
66
58
64
73
70
66
75
78
73
77
78
67
58
62
62
56
