77
76
64
66
81
77
68
73
79
67
64
78
82
67
65
75
69
61
69
88
76
64
74
72
63
67
80
82
65
68
72
60
64
73
74
64
64
75
69
73
83
83
72
67
73
63
60
70
74
70
71
77
74
70
79
80
70
67
68
68
66
74
80
77
74
68
65
62
66
71
72
71
63
57
58
63
67
74
81
77
69
71
71
67
67
74
75
68
71
74
65
59
65
73
69
71
77
72
65
62
68
64
67
76
76
70
66
69
61
60
64
65
67
69
73
65
62
63
66
71
74
77
70
68
65
62
64
68
76
71
71
80
72
69
70
72
63
59
71
65
62
68
77
72
62
75
72
60
61
68
67
55
62
71
63
66
72
76
68
70
75
65
63
65
70
65
63
69
66
71
71
74
72
65
64
65
66
70
74
75
69
67
73
69
69
75
71
59
54
63
65
69
83
88
78
67
68
64
58
62
67
66
61
70
74
69
71
72
69
64
68
76
67
66
71
70
64
62
76
74
72
75
73
66
58
64
67
66
74
75
71
67
71
77
69
71
72
67
63
60
68
67
70
74
73
69
67
75
73
65
67
68
65
64
70
80
71
70
71
67
62
63
73
68
71
78
77
70
62
65
60
58
67
73
75
74
76
70
59
59
61
66
70
73
75
73
77
75
76
74
68
68
65
73
71
72
74
68
67
60
66
64
65
72
73
73
73
74
69
71
67
62
67
66
66
65
68
72
71
77
75
72
69
66
66
63
70
73
73
69
66
71
72
73
73
74
72
70
77
78
74
69
65
57
50
56
65
68
70
74
69
60
62
70
72
74
78
77
70
66
72
73
75
77
72
62
53
58
69
77
78
73
67
62
61
67
73
75
72
64
61
62
65
70
76
79
70
59
60
61
62
67
74
73
64
66
70
64
63
69
72
66
69
81
79
73
72
67
58
60
70
75
70
70
73
64
60
65
66
63
66
75
69
65
75
76
70
69
75
68
62
72
74
66
65
73
70
64
73
75
63
61
68
67
59
65
73
68
69
76
78
69
66
68
62
63
67
71
67
65
69
65
64
67
72
70
68
72
69
67
64
70
69
63
67
71
73
71
73
75
70
67
66
64
58
58
61
63
66
76
84
79
71
68
65
60
63
70
72
71
71
71
64
66
72
70
66
66
73
69
69
73
70
65
62
69
71
74
80
77
70
64
64
61
62
71
73
70
69
73
72
70
71
67
63
64
66
62
61
68
71
74
77
80
72
66
69
68
66
67
73
75
70
74
77
76
72
67
65
60
62
71
75
75
74
70
66
63
66
74
78
75
63
54
59
67
74
81
86
83
71
68
75
72
72
78
77
66
62
69
68
66
72
74
66
61
63
65
64
67
70
67
66
67
66
65
69
71
68
68
68
64
64
66
71
72
72
68
63
66
73
75
73
72
67
61
66
74
79
79
78
71
63
62
66
72
78
80
74
66
64
61
63
69
72
69
66
69
69
71
78
77
66
58
62
70
70
72
71
66
64
66
71
69
71
73
69
68
67
68
59
55
57
59
61
66
75
72
69
65
62
64
62
66
68
71
72
67
67
65
65
