88
78
70
78
77
71
80
84
72
65
73
73
73
85
87
74
67
73
71
71
79
81
73
69
72
70
69
76
78
73
70
71
76
75
72
68
69
73
76
81
83
77
71
72
71
67
70
77
75
73
79
81
75
75
77
69
66
74
82
78
77
78
66
60
68
78
78
79
83
70
60
64
71
72
73
77
67
59
68
77
76
71
70
67
66
74
81
79
76
69
63
67
73
80
83
82
71
56
61
72
77
78
79
72
63
68
76
73
71
73
69
64
69
77
74
71
70
69
68
70
72
66
62
64
69
74
74
73
68
63
64
71
79
82
79
72
62
62
74
85
85
79
77
71
67
72
77
72
65
61
64
70
79
82
73
61
51
54
68
78
82
81
77
64
56
67
74
69
69
72
64
65
79
85
72
70
79
69
65
81
88
74
68
77
68
65
80
84
68
64
80
75
68
76
75
60
61
77
73
70
79
79
65
61
75
74
74
78
75
64
57
68
72
76
84
84
76
66
70
70
75
82
79
76
74
74
72
78
82
77
69
64
67
66
72
79
78
75
70
63
65
74
76
70
70
73
73
75
78
77
70
64
66
66
72
81
81
75
72
73
70
68
67
67
67
69
72
74
77
78
72
71
81
