75
78
75
73
74
74
75
72
67
72
68
75
75
74
74
64
67
66
70
75
74
77
68
67
72
76
79
76
79
73
64
65
65
69
69
73
74
67
71
72
76
72
71
74
67
69
71
77
76
69
75
74
75
75
78
78
63
63
65
64
66
73
80
64
58
68
63
62
72
85
79
71
80
75
66
69
75
71
64
71
72
64
68
69
68
63
63
70
68
72
71
70
74
69
69
71
75
75
69
66
62
62
67
76
79
77
71
63
58
64
70
74
72
70
66
61
64
69
73
72
67
62
60
63
72
78
77
68
61
59
60
68
78
81
75
67
62
62
63
69
74
72
70
73
74
72
73
73
66
59
64
67
68
70
68
68
67
71
73
72
75
74
70
66
65
68
68
72
75
72
65
66
67
66
69
74
77
70
66
73
69
68
74
80
74
66
72
71
67
72
75
67
57
67
76
76
78
81
73
60
61
66
64
67
76
79
76
77
76
68
61
62
65
67
72
76
74
69
64
65
68
72
76
72
70
65
65
71
76
77
74
72
68
61
64
71
72
69
69
71
66
67
74
74
67
65
72
70
69
76
76
68
63
71
68
64
70
75
70
65
71
73
63
62
67
68
67
70
71
68
74
72
73
71
68
67
58
66
73
76
77
74
73
60
55
64
68
71
70
69
69
59
65
72
78
78
72
74
60
53
61
69
74
71
67
67
52
56
66
72
72
70
75
69
58
68
75
73
69
68
76
66
65
73
75
70
60
60
62
56
64
73
74
68
64
70
63
65
73
78
76
70
79
75
63
65
73
69
60
68
74
60
57
66
66
59
65
78
71
70
77
77
69
66
75
70
68
75
73
68
64
67
64
63
73
72
65
62
59
57
57
72
80
80
77
74
70
59
65
74
80
79
71
73
66
60
65
72
73
61
61
74
63
59
70
78
68
58
71
81
70
78
89
81
66
60
64
61
65
75
76
72
69
64
62
69
73
71
69
71
68
65
73
77
71
74
80
77
69
71
70
62
63
69
70
71
72
72
70
72
69
64
65
67
68
73
78
74
67
70
72
71
73
75
71
67
70
71
69
70
71
66
63
64
68
70
74
77
73
69
68
69
70
71
74
75
72
68
66
67
66
65
69
70
69
68
70
70
68
72
74
71
66
65
67
71
76
77
76
75
74
71
71
71
73
72
64
64
65
63
65
76
83
74
73
79
68
61
68
74
63
58
71
74
67
73
81
72
63
70
73
66
67
68
64
60
66
71
68
71
72
68
67
70
68
65
71
74
70
69
74
72
67
70
70
61
58
64
63
63
71
75
75
74
74
67
66
72
71
68
69
70
64
66
74
75
70
69
68
58
61
69
71
69
68
72
70
74
78
75
74
70
67
67
72
74
70
70
67
62
62
72
74
70
72
70
64
58
68
74
69
72
75
72
65
69
76
67
62
62
65
63
67
77
78
75
72
71
63
58
62
65
69
69
72
72
70
73
70
70
66
64
62
63
71
72
74
76
77
72
65
66
64
63
66
69
68
67
70
69
67
68
70
66
65
75
77
72
70
72
67
57
62
67
67
66
69
68
61
61
64
67
70
74
71
65
65
