71
70
86
80
67
71
73
65
60
69
72
71
77
79
72
65
63
58
57
65
74
75
73
71
66
66
71
71
64
56
58
59
64
70
70
69
67
71
68
68
77
77
71
61
62
65
71
79
82
80
74
70
65
60
60
63
65
66
67
66
65
67
67
63
61
62
68
72
77
76
69
65
57
58
65
71
68
60
61
56
56
70
78
71
61
66
65
61
69
75
68
61
67
70
61
68
77
75
70
67
64
53
63
70
63
58
56
59
57
69
77
67
60
55
53
51
62
74
69
66
62
62
63
66
72
68
64
60
59
65
70
76
76
74
68
65
65
65
66
61
59
63
72
75
71
67
62
60
60
59
59
60
65
66
67
66
64
64
69
68
59
58
60
60
59
60
62
58
65
75
76
72
70
67
60
66
73
71
69
74
70
61
68
73
63
55
62
66
53
59
69
64
58
68
75
61
63
71
62
54
66
79
68
69
80
76
57
59
72
63
59
67
73
66
69
85
80
71
68
64
55
53
68
70
69
74
73
69
65
72
66
61
62
60
58
56
65
69
69
68
63
66
66
68
72
77
77
66
66
69
64
63
70
76
70
73
80
70
63
63
62
53
60
78
72
69
72
75
76
78
78
67
57
55
54
58
67
55
53
61
71
74
