74
72
84
67
62
81
83
70
59
69
64
62
79
85
77
66
71
69
61
70
78
73
61
64
76
72
73
77
73
62
62
74
78
78
80
76
64
62
77
81
78
77
72
62
63
80
86
79
73
65
57
60
73
76
74
74
71
67
70
79
80
74
72
65
62
68
80
77
64
62
58
54
58
70
75
73
78
77
73
74
76
71
61
64
66
69
74
77
73
63
63
66
71
73
73
71
63
66
75
80
76
68
66
61
63
71
72
66
61
64
62
62
70
73
69
67
69
63
61
74
76
66
60
65
68
70
83
88
80
72
74
68
60
66
71
69
67
72
72
66
67
67
64
59
63
69
70
71
71
72
69
69
71
68
60
57
63
65
68
77
77
65
59
71
76
76
82
82
71
63
74
73
69
75
77
61
51
64
71
69
75
77
63
58
71
74
68
71
74
61
57
72
72
62
64
72
64
61
77
82
74
73
74
66
62
70
71
69
75
80
75
69
74
76
74
74
77
77
74
71
69
68
68
71
71
66
64
64
62
61
63
65
68
71
74
76
72
69
68
69
69
76
82
78
71
66
65
67
78
83
74
66
64
68
68
75
83
82
72
62
63
66
68
71
73
74
73
72
71
70
67
69
68
63
67
70
71
