75
71
68
76
80
82
78
76
73
73
79
80
78
74
74
71
77
88
84
80
75
71
63
67
79
79
79
77
77
74
74
80
77
76
75
76
75
77
85
81
79
76
73
68
66
75
78
84
87
85
80
76
77
74
75
73
69
69
72
76
72
73
74
71
71
75
81
78
74
70
65
67
75
82
87
85
78
70
69
71
73
79
77
67
60
63
70
74
82
82
73
65
65
71
74
80
80
74
70
69
74
76
79
77
67
65
68
76
75
70
69
62
58
64
79
86
82
80
74
65
62
70
72
67
69
76
75
76
84
84
72
64
65
65
69
80
86
80
73
70
67
66
73
79
77
74
74
72
70
71
76
76
75
72
69
68
65
68
70
70
71
73
77
73
72
71
69
68
70
77
73
77
81
76
67
63
70
71
78
85
83
75
67
67
61
64
72
78
79
74
76
68
67
69
72
70
67
75
77
80
79
75
71
66
70
72
78
79
75
68
63
67
68
76
81
80
76
71
73
73
79
82
81
75
72
73
69
72
75
74
69
69
75
76
77
76
72
65
64
71
74
78
80
77
69
67
71
74
79
80
80
73
71
77
81
81
76
72
69
70
74
80
81
76
70
68
74
79
80
79
77
76
76
75
71
68
71
73
74
72
73
74
74
76
74
76
76
74
73
75
78
75
73
71
72
73
74
76
76
76
79
84
77
69
66
67
69
73
79
79
77
76
74
68
65
69
68
71
76
78
74
72
77
75
72
71
74
73
74
76
75
74
72
69
68
72
76
75
74
70
65
63
67
74
77
82
85
79
70
66
65
64
69
74
74
73
76
79
80
81
79
74
70
74
75
72
71
66
55
50
60
71
77
81
82
71
63
70
76
75
77
81
78
72
76
81
78
74
72
68
66
74
79
79
80
77
70
69
74
71
66
69
71
69
75
83
79
72
75
75
70
72
78
71
63
69
76
76
76
76
70
63
68
75
78
81
81
75
71
73
74
73
73
74
72
72
77
81
80
77
68
60
55
59
68
75
78
80
80
78
76
78
79
73
64
59
62
65
73
78
78
75
74
72
68
68
69
69
69
74
80
80
78
75
68
60
57
64
72
76
81
83
78
69
67
67
65
68
72
73
73
81
86
84
82
77
73
66
65
66
69
75
79
80
81
79
70
66
69
72
70
70
72
70
71
77
76
72
73
78
77
80
85
83
76
71
69
66
64
67
70
74
79
81
80
80
79
74
70
70
67
63
71
81
80
76
76
76
71
73
80
80
76
76
77
74
73
81
85
86
84
84
77
69
71
72
73
72
77
79
76
76
75
73
70
75
85
82
80
79
76
69
69
77
74
73
77
80
76
74
80
75
68
72
77
76
72
79
79
71
73
78
76
70
74
81
77
81
88
84
74
72
75
67
70
82
85
79
77
79
68
66
74
76
74
79
89
83
80
85
81
72
71
77
73
71
77
75
72
73
75
72
74
80
81
80
80
78
74
72
72
70
72
75
75
79
85
82
75
75
76
74
79
83
79
73
73
72
71
79
85
82
79
82
81
72
73
72
63
60
68
74
77
86
88
81
78
77
71
62
64
66
65
72
