81
72
73
71
64
75
76
72
69
77
80
69
76
84
74
66
73
74
59
61
75
70
68
82
86
69
63
68
59
58
77
88
79
77
79
66
59
70
76
68
71
80
76
71
79
79
67
68
69
61
63
77
80
73
76
74
69
71
74
68
61
66
68
71
81
87
79
67
61
52
52
64
75
74
78
80
70
68
75
76
64
63
73
62
64
75
79
67
62
75
62
60
72
76
69
68
84
72
63
69
67
59
58
73
72
68
79
78
65
57
66
65
60
70
70
66
65
70
70
62
70
70
67
67
67
72
71
76
75
72
68
60
56
61
68
72
76
77
69
64
65
65
71
77
79
72
70
71
58
60
67
66
59
63
78
68
68
76
70
57
61
77
69
67
78
74
60
61
76
69
67
80
82
65
60
71
65
61
74
81
73
70
74
72
61
62
66
63
64
71
81
77
75
76
72
68
68
71
73
69
65
65
66
63
63
70
79
80
76
76
77
78
79
76
73
70
68
67
66
68
68
67
67
66
66
69
75
78
79
81
81
76
71
70
71
72
76
75
70
65
66
68
69
72
71
70
71
74
74
74
77
73
68
69
74
70
63
64
67
70
72
72
68
66
63
62
62
67
73
70
74
