87
78
76
70
59
65
83
81
69
73
74
62
63
76
78
66
70
76
63
58
66
73
64
67
78
71
66
66
67
64
65
71
66
67
72
72
70
74
73
67
72
79
77
74
77
71
58
61
70
71
66
72
75
62
64
73
75
72
70
65
58
62
67
68
72
77
71
61
62
65
66
70
76
67
61
68
66
62
69
79
71
65
72
70
61
63
68
60
58
70
73
66
67
70
62
61
71
68
59
64
70
63
63
72
67
56
60
68
67
70
76
69
57
60
68
72
73
70
61
52
56
62
68
75
72
62
56
57
63
72
80
74
63
62
63
63
70
73
64
54
59
69
75
82
80
69
56
52
55
63
73
73
68
64
63
62
68
74
69
61
58
59
63
74
81
69
61
59
58
60
67
72
63
60
66
71
76
79
77
70
65
61
60
67
73
70
64
69
72
67
65
62
56
56
70
77
71
68
67
59
54
64
72
63
59
65
67
70
79
83
72
62
63
64
70
78
75
67
62
63
67
74
79
74
66
62
60
60
68
77
74
67
66
64
62
66
71
65
59
63
70
75
79
79
69
57
53
58
66
72
75
72
68
63
62
62
62
63
64
64
64
64
64
64
64
71
78
81
79
70
63
62
62
64
68
73
72
67
65
65
64
65
66
63
59
62
69
73
74
75
69
63
65
68
71
71
70
71
71
73
74
71
67
57
50
50
52
55
58
64
68
71
73
75
77
75
73
71
68
