81
78
81
79
78
83
77
73
71
75
74
74
80
83
87
86
82
70
61
62
66
76
86
89
81
71
69
62
63
74
82
79
72
74
71
72
79
81
75
69
74
74
73
78
82
82
80
85
83
82
85
83
73
67
72
74
76
81
81
67
59
71
80
85
85
84
73
61
66
69
71
74
76
77
82
83
76
70
64
59
56
67
83
83
83
81
72
61
65
75
76
77
78
72
64
69
76
75
73
75
75
78
85
79
63
51
54
64
78
88
88
85
79
70
66
68
72
71
67
67
67
64
72
82
83
77
70
66
62
66
74
75
71
67
68
76
85
88
83
71
61
59
67
78
81
75
69
66
64
65
76
77
71
71
72
66
65
72
71
66
70
79
78
73
72
69
61
58
67
72
76
83
82
73
70
75
72
72
75
72
68
72
79
72
69
72
73
69
75
82
74
67
65
66
65
71
79
77
76
76
75
69
68
74
72
68
64
69
83
87
88
82
74
60
56
73
76
75
80
83
74
69
83
82
74
80
85
75
64
72
75
65
73
84
79
72
77
78
65
71
78
73
71
72
77
71
76
88
84
82
78
74
69
71
79
73
74
75
76
83
79
83
80
80
75
64
63
65
68
71
71
70
67
67
67
68
70
79
82
72
76
