82
82
72
73
84
84
84
89
84
68
62
69
68
70
76
75
64
62
74
75
75
80
78
67
64
72
73
68
68
66
60
65
79
85
80
76
72
64
71
79
81
76
73
67
63
77
84
85
86
87
75
65
72
70
64
67
77
71
67
75
71
63
69
79
73
76
87
79
66
68
73
62
66
76
70
62
67
75
60
58
67
63
59
67
82
79
80
83
76
68
66
69
70
71
71
69
65
64
64
65
70
68
67
66
65
65
65
72
68
66
67
67
67
67
73
75
71
69
69
68
66
66
67
70
65
64
69
70
67
61
65
65
66
71
74
72
67
69
67
66
72
77
76
72
70
68
65
64
66
66
64
61
63
69
69
68
65
61
56
55
62
73
79
81
78
73
68
67
70
75
77
74
72
70
64
62
69
74
74
73
72
64
61
68
73
71
74
78
73
68
71
71
66
69
75
69
67
72
73
70
73
76
65
61
69
74
70
69
68
54
53
66
74
77
81
86
76
70
72
70
66
69
73
67
70
79
76
69
70
73
70
75
84
82
74
71
66
56
58
66
70
72
78
81
77
80
78
70
67
66
61
58
58
60
62
65
71
75
72
75
81
77
71
74
73
70
73
82
81
76
71
63
58
63
72
75
77
79
72
68
72
75
72
70
68
63
63
69
75
76
78
75
63
59
63
68
70
73
75
71
71
71
69
64
67
72
74
79
83
82
72
66
63
63
66
68
66
63
63
64
69
76
76
69
63
63
61
65
72
72
68
67
70
70
70
71
69
68
71
75
75
71
64
53
50
55
65
78
84
81
72
68
63
60
65
72
72
69
71
68
64
67
67
60
55
62
66
69
78
79
68
60
63
64
67
76
80
73
66
68
66
70
77
74
63
60
66
71
78
80
74
64
59
60
59
64
69
71
69
69
70
70
71
66
59
60
66
74
82
83
71
58
55
57
65
77
87
84
77
73
68
65
70
75
73
71
74
73
74
79
80
73
68
73
73
74
76
74
65
59
64
69
75
81
83
77
73
72
68
65
64
63
64
72
84
87
82
77
70
62
62
72
75
74
75
72
65
61
70
72
70
72
73
69
67
74
71
64
61
61
58
63
77
82
80
77
70
60
59
67
66
67
75
76
69
69
72
65
63
71
74
70
74
78
67
58
61
62
61
69
77
69
65
69
67
64
69
72
62
61
67
67
67
74
77
71
76
80
76
70
70
70
65
68
71
69
69
72
71
65
67
70
69
68
68
64
58
61
65
67
68
67
63
65
74
79
80
78
72
59
54
58
64
72
80
85
84
82
74
66
62
61
63
68
77
77
69
65
62
60
63
78
86
85
86
82
72
65
67
66
61
65
69
71
73
76
69
63
65
68
74
83
88
80
70
68
68
69
74
75
68
65
66
65
66
70
73
70
73
74
67
62
65
68
66
69
72
67
65
69
70
63
64
67
68
75
82
78
66
59
55
53
60
74
80
79
78
73
66
68
77
81
80
78
72
63
64
71
74
74
78
80
76
72
71
67
65
68
68
65
63
65
64
65
66
64
65
69
72
70
70
72
70
68
71
73
71
72
72
68
60
58
62
