72
76
79
74
75
79
71
72
75
75
69
70
73
65
67
75
78
74
77
79
66
66
75
78
74
76
77
68
65
66
65
64
67
67
70
75
77
82
82
77
69
68
77
71
72
79
77
68
66
78
70
69
78
75
64
60
70
67
66
80
82
74
66
70
66
61
73
79
75
69
73
73
65
69
71
68
61
60
65
68
73
75
72
64
60
62
65
76
83
80
70
65
63
60
64
71
71
70
74
74
67
67
69
64
59
62
66
65
70
72
69
66
72
76
73
73
69
59
55
63
72
76
82
85
73
59
56
58
57
66
74
72
66
67
75
75
74
72
65
59
59
67
73
78
78
73
65
60
63
69
76
75
70
63
60
61
67
74
74
71
66
67
70
72
70
65
68
68
65
72
78
77
67
67
71
63
65
73
75
62
60
71
70
72
81
87
79
68
70
64
60
68
74
76
77
85
83
77
77
75
69
64
67
66
65
71
70
65
66
71
70
69
74
73
66
64
69
72
75
80
79
71
64
66
68
69
79
80
73
65
66
70
66
68
69
66
58
60
68
75
77
77
75
68
70
72
72
75
71
67
61
67
71
66
69
73
67
62
73
82
72
67
70
62
52
63
76
71
71
76
76
65
70
83
78
75
74
65
57
60
72
71
72
75
63
55
62
67
66
70
79
79
78
75
70
65
75
75
65
62
69
61
54
70
80
74
69
74
64
51
60
71
71
71
82
79
65
65
66
64
64
73
71
60
65
68
65
64
75
81
69
69
69
65
60
66
75
68
69
73
72
68
68
72
66
68
74
75
70
71
75
62
55
59
66
69
74
87
82
73
72
70
63
57
70
76
70
73
76
71
62
72
76
60
61
71
70
61
69
86
75
73
81
78
65
65
76
63
60
71
73
64
67
81
69
63
72
74
66
68
81
76
68
75
76
67
60
65
66
65
76
81
76
69
72
73
67
76
79
75
67
64
71
65
68
72
73
71
68
73
75
75
74
68
63
62
65
72
76
78
77
74
73
73
72
70
67
61
54
55
63
73
79
80
73
69
73
74
71
65
61
56
60
71
78
78
75
70
61
58
64
67
68
65
61
57
63
72
75
73
70
65
62
66
74
76
75
73
71
69
73
77
71
61
55
54
59
70
76
73
68
67
68
70
76
75
69
63
61
62
67
76
77
72
67
66
66
68
74
75
71
68
67
67
70
75
73
71
74
77
77
74
74
67
59
59
66
72
74
76
75
68
65
67
67
63
62
64
66
67
73
74
70
72
72
69
68
73
71
64
65
69
70
72
79
79
68
63
66
68
72
79
82
78
75
74
71
69
72
71
67
69
74
77
76
73
67
60
60
66
71
75
77
75
69
70
71
71
72
74
72
67
70
73
73
72
70
67
62
70
78
78
73
67
64
65
72
74
73
69
64
62
66
75
80
82
81
76
67
60
59
60
67
71
73
70
70
74
73
70
66
66
68
69
71
71
71
68
70
73
74
74
72
69
63
63
66
67
72
75
77
75
76
74
68
67
68
69
70
75
79
74
70
68
66
63
67
72
72
73
72
67
61
64
67
64
65
67
67
66
71
73
