72
75
73
67
73
83
79
71
72
68
61
64
71
68
64
70
71
70
78
83
73
60
58
57
61
72
78
73
66
67
65
65
69
70
66
61
66
71
75
76
73
67
61
62
67
74
79
81
79
77
75
74
73
71
64
58
59
66
70
72
71
66
59
63
74
77
76
76
73
64
60
65
65
60
62
64
61
66
78
80
75
75
72
64
61
67
71
72
77
74
67
68
74
74
69
71
71
70
72
76
76
74
74
71
66
66
66
64
64
68
70
67
66
65
64
65
69
71
72
72
65
59
60
64
68
73
77
70
63
63
63
65
71
79
76
70
69
67
63
65
70
67
64
69
71
67
68
72
70
66
66
66
59
59
65
68
70
73
75
71
64
63
63
67
74
78
76
67
54
50
56
64
66
66
75
74
67
68
71
65
57
59
67
69
73
80
77
69
64
66
67
70
73
71
66
62
63
68
68
65
63
62
62
65
73
78
76
69
64
59
59
66
69
66
62
62
59
60
68
72
69
67
69
66
64
69
72
71
69
69
67
64
62
59
57
59
68
71
73
76
75
69
63
63
64
67
73
75
68
60
59
56
57
64
67
65
66
74
77
75
73
69
62
61
66
64
65
69
70
65
65
71
69
70
74
74
67
64
66
60
59
63
64
59
63
71
69
68
72
74
68
68
69
63
60
64
72
72
72
71
66
65
67
70
67
65
61
59
62
63
66
64
64
61
59
64
70
78
80
82
80
76
68
65
67
68
70
70
74
71
63
64
61
59
58
65
67
66
72
73
70
66
70
70
64
67
69
66
58
61
61
63
72
78
79
75
75
66
62
63
60
62
65
68
59
60
70
69
70
73
77
67
63
71
67
62
65
69
60
60
71
70
70
74
76
63
56
63
57
60
72
82
73
66
73
62
56
66
75
68
62
72
70
57
66
79
74
65
67
67
52
57
70
72
67
68
71
59
60
71
73
71
72
80
71
62
65
64
59
55
64
64
62
74
78
74
67
69
68
63
69
72
68
62
64
67
57
62
66
62
57
62
74
70
78
89
83
70
63
62
55
59
72
74
67
65
66
61
63
74
73
66
62
62
61
64
74
72
64
62
63
64
69
84
85
78
70
63
59
55
64
68
67
67
65
66
64
70
73
69
66
60
62
59
68
77
76
72
66
69
63
63
70
71
66
59
67
69
66
72
74
69
61
66
72
65
72
77
73
60
55
64
59
62
73
78
73
68
76
70
63
69
74
69
62
69
77
65
69
73
68
59
56
65
60
64
72
72
68
63
71
68
69
77
77
74
69
70
69
65
67
68
70
69
71
75
71
68
64
62
57
57
67
69
72
74
73
69
67
75
73
70
68
66
61
57
66
70
70
70
70
66
61
68
73
71
72
72
65
58
65
72
71
74
76
72
65
68
74
72
69
67
61
57
68
79
82
78
72
62
55
59
68
73
75
72
65
60
64
70
73
72
69
60
56
64
75
80
78
71
59
55
62
72
78
79
76
66
58
58
62
65
67
70
69
69
72
75
75
72
69
63
61
68
74
74
72
70
63
57
60
66
71
75
77
72
64
61
60
