87
82
81
81
76
74
77
80
76
72
73
69
70
73
76
76
77
80
78
75
71
70
71
76
82
80
77
70
66
67
71
75
73
76
79
76
73
75
79
75
73
76
78
75
74
78
75
72
74
76
73
72
77
76
73
73
77
76
74
80
79
73
66
66
66
68
80
83
81
76
75
70
65
72
74
70
63
66
72
73
79
80
76
66
63
64
67
78
84
80
67
60
61
64
74
83
83
75
69
67
66
73
79
77
71
69
73
78
84
84
74
62
52
54
63
73
79
78
75
68
67
68
71
72
67
67
67
72
76
78
79
74
71
67
69
66
64
69
71
72
69
76
80
76
75
73
71
68
70
73
70
70
72
73
68
71
75
75
76
76
72
64
60
60
66
75
79
79
78
79
73
70
74
73
69
67
71
71
73
82
85
76
71
73
69
68
74
76
67
65
74
74
74
77
75
66
64
70
72
73
78
78
67
68
75
74
72
79
82
67
63
69
68
66
76
82
72
74
79
76
69
73
73
61
65
75
76
73
80
79
66
67
70
70
70
76
73
65
70
76
75
74
80
71
60
63
68
70
76
85
78
70
74
71
65
68
75
69
69
80
80
74
76
78
65
62
72
69
63
71
77
67
66
78
78
73
75
74
63
59
67
70
74
82
80
70
69
73
67
65
74
75
69
69
76
76
72
76
77
71
69
72
72
72
76
75
70
68
71
69
69
74
75
71
68
72
74
68
69
73
70
66
69
74
72
70
74
72
73
76
77
72
71
70
64
64
74
81
80
83
85
75
66
67
69
63
66
71
67
65
65
65
66
72
79
77
79
78
68
65
70
72
68
77
85
75
70
73
71
60
63
70
67
70
79
79
68
67
68
63
62
71
76
74
81
88
83
75
72
66
58
64
71
74
74
73
68
64
70
74
72
74
77
76
71
74
76
71
71
74
73
73
75
75
73
73
71
66
72
79
79
78
77
71
61
66
74
76
78
82
78
66
69
72
70
73
77
73
62
64
68
70
79
88
83
74
78
74
64
66
74
69
63
75
83
80
82
86
76
62
62
64
61
68
82
82
77
79
75
67
66
73
72
70
76
76
67
65
73
71
65
67
72
70
70
79
76
70
73
75
69
66
74
74
70
71
76
72
71
75
73
68
64
70
70
74
82
83
78
70
67
61
63
71
77
80
78
73
69
67
66
65
67
67
64
67
77
77
74
75
72
62
58
66
68
67
73
73
69
67
67
67
66
73
74
74
81
83
78
74
69
63
62
72
73
67
71
73
68
70
79
78
68
70
69
61
62
73
79
78
77
75
71
66
71
75
75
75
73
74
73
71
73
73
73
67
68
75
76
76
80
83
71
64
70
74
74
79
83
74
68
66
68
69
71
75
70
71
70
70
71
69
68
64
71
75
78
82
82
76
67
69
69
71
76
80
81
76
76
70
70
73
75
72
67
70
68
69
73
75
71
66
70
72
75
79
79
73
66
67
65
67
75
79
74
66
71
74
73
76
78
75
66
69
75
73
73
75
76
71
76
80
74
70
69
65
57
63
78
76
70
70
65
53
56
69
73
76
85
85
75
73
