77
70
77
73
70
79
85
80
66
64
76
62
64
77
80
70
64
72
72
66
75
82
77
71
71
70
67
66
70
67
65
68
62
67
78
76
72
74
78
73
65
62
67
64
60
68
73
70
69
74
77
71
74
77
71
69
70
71
64
68
75
74
73
73
76
71
72
79
74
71
69
71
69
71
77
73
71
69
67
63
68
78
72
70
68
67
66
74
81
72
69
69
69
67
76
79
68
67
69
68
66
80
88
76
68
67
64
59
70
75
68
64
65
67
67
78
82
75
69
66
66
67
75
78
77
74
68
68
71
75
72
72
75
65
62
66
74
68
67
72
63
60
70
81
75
72
78
65
57
67
74
66
65
75
69
56
67
79
75
72
77
70
51
59
74
75
74
78
80
63
66
76
73
67
65
69
61
67
77
78
73
67
66
57
58
69
75
75
68
68
64
60
65
71
72
67
68
68
66
72
80
81
71
64
63
55
57
70
78
72
66
69
65
63
69
71
62
55
61
68
72
77
76
69
65
67
65
65
72
68
63
66
71
70
68
74
72
58
56
64
69
72
72
68
60
58
65
71
73
72
69
67
66
65
65
66
66
63
61
65
66
68
71
72
69
68
71
71
66
62
64
65
67
73
77
75
72
70
66
61
61
63
63
64
65
67
67
68
69
65
62
58
60
64
71
76
73
72
68
67
68
67
68
64
69
71
71
70
67
65
55
56
62
68
71
71
71
61
59
66
69
69
69
70
65
65
70
73
69
71
71
66
65
68
69
63
68
75
72
71
72
69
57
59
69
70
71
79
79
64
58
62
61
66
77
79
67
65
70
63
63
71
72
64
62
63
65
68
71
73
74
74
72
69
69
76
74
67
70
73
63
62
67
63
57
67
75
68
70
75
69
61
70
81
75
74
75
64
53
59
71
67
69
73
68
62
62
70
70
71
74
70
68
66
64
61
58
57
57
58
67
72
74
79
