80
84
75
66
70
70
71
77
81
73
63
71
72
71
76
79
71
57
62
72
66
71
79
80
67
68
82
67
61
67
69
59
64
86
77
70
79
78
60
58
77
75
65
77
85
69
61
67
66
52
62
77
75
80
83
84
69
63
63
57
63
66
70
74
73
75
68
71
67
61
68
69
69
71
80
74
58
61
64
58
59
71
74
64
65
74
62
61
71
75
65
60
71
66
63
73
75
65
56
63
68
67
75
76
68
59
61
70
66
70
74
74
70
69
72
60
54
57
63
65
70
76
67
59
61
66
69
75
84
81
69
63
59
56
58
64
64
59
60
65
72
78
74
68
63
65
69
71
72
66
62
60
64
69
74
75
72
71
67
68
72
74
72
67
69
62
59
63
67
66
64
72
75
74
79
79
68
58
66
66
60
66
73
65
56
67
76
70
75
83
78
67
70
72
62
62
69
66
58
62
69
68
68
77
80
76
77
71
68
67
67
69
69
74
72
68
66
65
67
68
72
71
70
72
69
69
70
73
72
70
75
75
76
75
72
65
58
61
61
65
68
66
64
62
66
67
71
73
70
68
61
63
65
72
75
73
73
67
64
62
68
70
66
69
67
71
69
70
67
60
61
58
65
72
71
68
67
71
59
58
63
64
61
63
72
64
66
74
76
73
74
81
70
68
74
68
56
56
64
54
55
69
70
63
64
74
65
64
78
76
67
68
70
55
54
70
69
58
62
72
60
57
71
68
56
59
69
61
62
78
77
67
70
76
64
62
75
73
63
62
66
56
55
65
65
60
64
70
64
68
77
72
64
67
68
59
62
75
73
65
65
66
57
59
69
68
63
66
71
68
73
82
79
70
66
65
63
67
73
69
62
60
66
67
67
69
67
65
66
70
71
74
76
70
62
62
69
72
74
77
71
59
56
64
64
62
68
70
69
72
82
81
74
73
68
62
63
71
73
69
67
64
61
64
70
68
63
65
67
71
76
79
77
76
74
72
71
71
72
69
68
71
70
63
59
62
64
66
73
76
70
66
68
71
70
73
73
70
68
72
75
72
67
64
61
57
60
66
67
66
65
65
66
72
77
76
73
71
69
66
67
66
62
60
61
59
56
60
68
79
87
88
78
68
62
59
60
66
70
66
66
68
68
66
67
68
60
58
64
70
75
79
79
66
61
62
63
67
71
77
70
64
61
59
58
56
60
64
68
72
74
76
72
70
70
69
66
65
65
59
57
60
65
68
73
75
69
67
73
78
77
74
69
58
53
55
57
59
60
62
62
63
65
65
65
65
65
64
68
78
82
76
73
69
59
59
69
73
68
66
61
52
53
66
73
75
79
76
70
69
72
71
68
74
72
65
69
72
68
66
74
72
65
72
83
78
70
74
68
54
55
61
58
59
74
79
75
79
81
72
68
76
76
69
67
69
59
51
60
66
66
65
67
65
59
66
70
69
67
65
63
62
62
62
67
71
71
68
74
82
77
76
72
63
53
54
64
66
68
71
70
66
61
61
62
60
58
59
62
64
67
73
74
69
68
69
65
61
64
65
59
62
68
66
60
59
63
57
59
70
74
71
70
69
63
62
65
65
68
72
