77
72
77
78
68
67
69
74
75
82
85
74
74
76
68
72
76
78
68
63
70
62
66
74
79
73
69
79
69
70
74
74
68
61
66
64
69
75
78
79
73
71
72
69
70
74
85
83
74
70
71
66
68
80
80
67
57
61
59
64
77
83
75
64
63
60
65
76
80
73
65
67
67
68
72
74
69
63
64
69
67
68
74
75
71
66
65
68
66
70
71
68
66
68
71
75
77
74
70
64
64
66
70
70
70
69
69
71
71
69
66
60
60
62
65
63
63
68
60
58
68
75
73
71
71
73
66
68
73
70
70
70
70
68
63
65
68
73
73
68
69
68
65
63
67
69
71
80
84
72
65
66
64
60
63
74
66
60
65
67
62
62
66
63
59
67
74
75
78
70
61
66
69
71
77
88
82
64
56
63
64
63
80
82
72
65
60
57
63
68
70
72
75
69
56
62
76
67
66
76
77
66
64
72
71
60
65
76
74
77
81
73
69
66
65
65
76
87
83
72
75
73
57
60
72
74
72
76
70
63
72
72
66
65
75
74
67
69
74
73
60
65
68
67
72
75
78
77
75
67
62
70
75
74
74
80
68
66
78
80
73
66
66
67
67
67
66
76
78
73
66
65
65
56
61
74
73
64
70
74
65
71
76
67
65
73
76
69
77
84
73
61
73
78
64
73
84
76
64
70
75
64
67
73
67
57
65
68
61
74
82
84
85
86
80
66
62
59
59
62
61
51
63
73
