71
85
75
52
64
77
71
67
76
83
64
62
74
68
64
67
64
55
62
73
75
72
79
78
60
63
69
63
60
72
80
65
64
77
69
62
70
78
65
59
70
72
65
74
87
78
67
70
74
63
61
73
70
65
70
72
76
67
69
67
62
68
68
69
69
69
65
63
68
64
59
60
69
75
77
81
79
67
63
61
61
61
65
68
67
66
68
72
75
75
70
62
55
54
63
74
79
74
69
65
60
62
68
75
74
66
70
63
59
64
70
66
56
63
64
60
67
77
80
69
67
74
61
65
76
80
68
60
73
62
62
72
77
71
59
65
68
64
71
76
75
66
61
61
56
59
66
71
75
74
79
75
69
66
65
63
53
56
63
61
69
80
85
75
67
70
59
55
64
75
73
67
73
68
58
67
79
80
72
71
75
59
61
74
76
67
59
69
58
57
76
85
78
64
67
65
57
71
82
78
66
63
66
58
66
78
78
66
57
63
66
64
76
83
77
65
56
60
61
64
70
73
70
60
66
71
77
79
79
77
64
61
63
60
63
60
63
60
61
76
72
72
75
71
61
56
69
69
60
68
72
64
59
69
79
66
67
75
69
61
70
81
69
60
62
62
53
57
69
65
63
67
70
73
76
78
69
62
64
60
58
68
77
71
63
63
64
66
67
66
64
69
74
73
68
72
73
70
68
65
57
53
61
66
69
75
78
72
64
60
58
58
68
76
65
60
62
62
53
60
69
69
69
70
70
61
67
77
71
72
72
69
60
66
74
56
52
64
65
59
71
87
75
66
74
73
57
59
71
66
57
62
73
69
70
75
72
61
61
70
74
74
75
75
68
61
61
61
64
61
67
69
69
74
77
80
74
72
71
63
63
65
68
64
68
80
77
73
71
69
56
55
70
70
74
73
70
68
67
65
58
53
62
60
64
69
74
74
72
77
70
69
67
61
56
59
72
73
76
76
66
54
54
67
71
72
75
73
66
63
68
68
67
71
70
66
68
75
77
74
75
74
65
66
70
66
61
64
66
60
61
71
72
68
74
77
68
63
68
70
67
70
73
64
60
62
60
63
69
75
66
64
71
65
59
67
72
66
63
68
66
55
64
74
67
61
68
73
64
71
82
74
65
64
70
62
63
75
73
66
62
63
63
60
74
76
70
68
65
67
60
65
63
54
56
58
67
72
82
84
75
73
65
60
54
58
64
61
68
71
71
68
69
66
57
62
66
70
74
79
74
60
58
58
59
61
68
71
65
72
76
75
71
70
68
57
57
66
72
72
71
69
59
58
63
68
71
74
74
64
66
70
73
72
71
72
60
60
65
66
64
63
67
62
67
78
78
72
67
69
61
61
74
76
68
61
63
57
58
71
76
73
71
77
72
71
77
74
66
61
68
63
61
70
70
65
64
72
68
67
73
69
63
62
71
73
73
77
71
64
59
63
67
69
78
77
71
62
60
62
62
70
72
72
71
71
76
71
72
72
72
68
65
75
72
67
66
69
69
68
80
77
65
63
68
67
62
73
78
69
68
74
73
65
70
77
66
64
74
77
68
68
74
59
58
68
75
70
70
80
67
65
71
73
69
68
76
65
