83
69
72
83
76
76
84
81
65
68
74
64
66
76
78
67
73
77
68
71
77
72
62
72
73
68
77
85
78
68
77
75
70
78
81
74
67
76
74
69
76
79
72
70
77
75
74
79
77
70
71
78
78
76
77
74
71
72
78
81
82
80
74
69
64
65
71
72
71
68
73
72
74
79
80
77
74
72
66
69
76
75
73
74
77
73
76
78
72
66
66
66
63
72
77
72
69
73
75
74
83
84
75
69
70
64
60
70
73
66
67
77
76
76
84
80
70
70
75
68
67
76
73
64
68
73
65
67
78
82
78
84
84
71
68
71
65
58
70
77
74
79
87
80
67
71
70
66
68
72
70
65
72
73
70
70
70
65
62
72
75
73
72
72
68
61
68
75
74
71
73
72
63
66
69
65
60
65
72
70
80
86
77
64
63
64
59
72
86
81
72
73
67
53
60
69
62
59
72
78
68
70
74
62
55
63
70
66
73
78
65
59
63
63
64
77
87
79
76
75
68
60
62
66
60
64
70
77
78
78
76
68
67
64
67
69
66
68
70
73
68
73
76
69
68
72
74
65
70
72
60
58
67
71
65
75
83
72
68
78
77
67
71
73
62
61
74
77
71
75
81
73
73
83
80
72
71
73
65
64
72
70
67
66
70
69
73
80
80
78
74
75
75
80
80
73
68
60
58
62
69
74
73
71
67
67
70
71
72
72
72
68
70
77
81
79
77
70
60
59
67
71
71
74
73
67
66
69
67
61
66
74
78
83
88
84
73
63
59
57
60
64
66
70
69
66
68
72
69
62
66
74
73
71
73
68
60
62
68
67
67
73
74
73
73
71
66
64
66
63
60
62
63
67
75
80
77
69
65
59
54
56
61
64
63
67
67
61
61
67
70
70
77
78
74
69
70
69
63
62
62
67
69
69
66
61
59
55
62
70
73
72
72
72
66
67
71
73
71
68
69
67
69
72
70
63
59
63
64
70
77
77
69
65
67
65
65
69
72
68
67
69
66
62
60
59
57
61
70
77
82
82
77
68
64
68
70
71
74
74
69
66
70
71
67
65
63
63
67
74
75
72
74
74
72
73
75
71
62
66
71
69
68
70
73
70
65
65
65
64
61
64
69
72
77
78
75
69
67
69
66
66
66
67
70
74
72
63
64
70
66
68
74
77
67
66
76
73
71
75
75
63
65
74
70
66
72
74
58
63
79
78
72
77
76
55
57
77
81
78
83
83
61
63
74
72
65
72
76
61
68
79
71
58
61
63
54
71
88
86
79
84
76
62
71
74
65
60
70
68
64
82
88
77
69
71
73
74
74
72
68
64
61
58
58
60
63
68
72
77
79
81
80
78
68
67
78
71
