80
88
74
66
75
77
72
68
73
74
69
76
78
81
75
71
76
71
70
68
73
74
66
71
72
74
76
80
77
67
64
63
63
68
74
72
70
74
77
77
84
87
74
63
68
66
61
75
85
76
65
69
75
68
75
84
77
65
61
72
66
70
82
84
75
67
72
73
66
73
79
74
64
60
67
65
65
71
73
67
59
63
73
65
66
71
68
66
67
76
85
80
73
66
63
62
58
58
72
71
63
69
76
72
67
78
73
58
61
71
70
68
83
83
58
55
68
67
64
80
85
60
54
62
58
61
77
83
66
56
60
59
65
79
82
77
67
65
61
67
75
71
77
75
66
64
69
73
63
67
72
57
62
78
80
69
70
78
64
53
65
79
63
63
79
72
62
65
74
63
55
70
70
70
75
76
68
70
72
66
63
66
69
64
70
82
77
73
77
74
64
62
71
81
81
81
75
67
62
60
67
73
74
73
68
68
64
65
65
68
78
75
73
68
68
73
68
77
81
76
68
64
68
61
62
78
85
75
71
72
66
60
68
79
73
68
75
76
72
73
72
77
77
74
73
69
71
65
57
61
65
61
63
76
77
67
66
73
73
68
73
75
74
71
68
67
70
77
77
79
78
70
59
58
63
62
70
74
70
68
66
65
65
66
71
79
66
63
67
68
69
68
78
73
69
72
72
73
74
80
77
70
65
54
51
57
65
70
71
72
73
74
75
76
71
67
67
68
70
79
85
75
70
67
65
64
70
74
66
67
70
69
68
67
66
64
62
60
59
59
59
63
66
58
62
71
