76
72
83
85
72
80
84
72
67
70
69
57
68
81
76
73
80
84
73
76
81
67
57
61
69
69
78
88
77
62
60
63
62
71
86
82
70
70
74
69
71
83
79
68
65
66
70
74
82
80
70
70
73
73
74
77
75
64
64
75
75
80
78
77
68
60
67
76
81
78
77
68
59
60
65
67
68
69
65
63
74
80
76
75
70
56
51
66
75
68
70
81
69
58
69
75
62
61
77
75
62
69
76
65
65
74
71
58
63
68
64
71
81
80
69
70
67
61
66
72
67
58
62
61
58
66
76
73
67
71
66
58
64
79
82
72
70
64
54
59
71
76
71
74
73
67
68
76
71
59
58
53
52
62
78
79
71
71
63
60
64
70
71
70
78
71
64
65
67
63
60
68
60
56
66
72
70
67
75
69
63
71
76
73
75
86
81
70
74
76
65
64
77
76
69
74
78
64
59
69
69
67
69
74
71
63
70
72
71
72
70
66
62
67
70
72
73
70
69
67
70
69
69
69
63
60
68
81
80
81
83
77
66
60
71
76
74
77
75
71
66
69
75
76
74
69
66
63
64
70
71
72
73
72
71
70
68
67
67
67
68
68
69
68
68
72
75
74
71
71
70
67
75
76
76
75
73
73
70
79
81
72
70
70
68
65
73
76
66
67
72
77
78
83
77
62
58
58
61
63
75
79
69
68
68
66
64
63
64
72
73
66
67
