81
71
76
76
68
54
74
82
70
79
83
76
58
71
84
62
71
83
80
65
66
84
60
62
83
87
74
68
81
62
55
74
82
78
74
82
69
64
71
73
71
69
77
59
62
75
74
74
77
84
66
59
77
77
64
72
86
77
67
77
80
61
60
74
69
66
76
73
62
65
72
67
67
78
77
60
70
80
66
64
73
77
60
55
72
63
56
68
77
69
62
72
68
64
66
72
70
66
79
75
71
71
66
62
54
68
65
61
72
73
70
59
70
68
63
70
70
65
61
73
75
71
78
74
64
54
53
58
63
77
75
70
70
65
63
65
76
68
59
70
68
63
70
84
74
60
69
73
59
63
78
69
54
65
79
63
64
83
79
61
65
81
66
54
73
77
61
57
70
74
62
74
80
67
63
65
66
63
70
75
69
68
71
71
70
81
82
68
63
64
61
61
76
81
73
72
74
68
59
67
71
65
62
71
72
68
75
74
65
60
66
65
61
63
65
68
70
71
73
74
75
80
75
66
70
70
68
66
70
70
65
70
72
74
75
74
68
62
71
72
71
74
80
74
63
66
69
71
70
73
72
62
67
77
80
74
69
77
62
60
76
84
77
66
80
70
54
65
75
72
62
76
83
63
68
80
76
61
68
75
62
67
76
71
63
70
74
59
72
83
71
59
71
77
58
68
84
76
62
72
78
58
64
76
66
56
73
84
65
66
74
75
76
75
64
53
67
78
65
72
84
70
53
64
77
68
77
88
76
63
75
84
73
79
87
72
54
63
73
66
75
84
71
55
63
74
67
72
77
65
53
62
70
69
79
80
65
54
61
65
63
74
82
71
63
69
73
69
68
71
68
58
58
64
72
77
73
65
60
56
58
70
80
79
71
68
64
57
59
68
74
76
74
70
66
65
67
70
72
70
64
62
67
73
76
76
75
63
57
63
72
76
73
75
70
60
65
75
76
68
69
67
58
59
65
66
62
67
73
65
66
76
76
70
72
75
68
66
75
72
62
61
65
62
63
77
79
69
63
62
60
62
73
72
67
74
78
76
71
71
63
53
57
63
66
69
76
76
72
68
65
62
65
71
70
72
73
72
69
72
73
66
65
64
64
65
69
73
69
68
65
61
61
64
70
71
74
74
67
65
69
74
74
75
74
67
65
67
71
72
72
66
61
61
64
72
76
74
66
61
66
68
73
76
74
65
57
65
68
68
69
72
68
60
70
75
74
74
75
69
59
69
74
69
69
75
72
59
70
73
62
61
69
73
65
75
82
82
80
77
68
68
77
73
59
68
71
58
62
77
77
62
68
76
60
60
74
78
70
76
85
67
61
74
75
67
69
78
69
63
77
83
77
75
76
64
60
68
72
72
74
76
63
59
71
66
59
63
68
60
54
69
81
75
77
80
69
59
57
62
67
69
72
73
70
63
61
73
72
64
71
77
70
63
68
68
58
59
69
69
69
76
75
67
65
67
63
67
70
65
64
69
69
62
71
78
68
63
69
66
56
66
77
68
66
78
80
67
67
70
56
51
61
64
62
70
80
73
67
71
67
62
64
65
64
67
72
68
68
68
61
52
61
73
69
66
71
69
61
