85
85
76
67
73
82
78
83
85
79
70
75
79
73
79
84
79
65
69
74
68
74
83
82
70
70
69
61
66
78
84
80
80
79
68
67
72
74
72
80
86
78
75
76
76
72
77
82
77
77
78
77
71
72
75
75
73
74
75
74
78
82
81
73
67
65
65
71
76
78
76
70
67
65
70
74
73
72
73
73
73
78
84
82
77
76
73
71
75
79
77
73
79
82
84
85
87
81
72
74
75
78
84
87
78
72
77
79
79
81
83
72
65
66
68
70
75
77
68
63
69
76
77
76
77
70
65
69
75
76
76
77
74
73
77
79
78
77
81
80
75
76
74
70
64
67
72
73
77
79
76
68
69
75
74
78
79
79
72
69
72
68
71
74
75
74
76
79
70
67
69
67
63
70
81
77
75
80
76
65
69
80
81
77
79
74
62
63
71
73
74
80
81
74
76
77
73
69
72
72
70
74
75
72
70
74
76
75
79
76
67
60
63
64
67
73
74
72
70
71
69
72
78
79
77
74
73
71
72
75
73
72
72
73
68
70
74
72
73
75
73
68
70
69
66
68
72
72
63
66
70
69
74
80
80
74
74
72
66
71
75
76
76
80
79
71
73
72
67
65
72
75
71
74
74
67
61
68
72
72
78
80
75
67
67
66
63
67
71
69
67
75
80
78
81
81
76
70
71
71
68
72
75
74
70
72
72
69
73
75
74
74
77
74
68
67
63
60
62
72
79
83
89
87
80
74
71
65
66
71
72
71
72
75
71
71
75
75
75
81
86
84
80
73
61
51
53
63
71
77
77
72
70
74
80
83
84
79
72
67
69
71
72
74
75
76
78
79
78
78
78
77
77
77
76
75
76
78
75
69
67
65
61
63
69
70
68
73
76
74
74
79
79
75
79
84
82
79
79
74
68
68
71
71
69
72
74
76
79
78
74
71
72
70
68
67
65
63
66
70
71
72
72
73
79
82
78
70
70
74
73
75
78
75
67
64
69
72
78
84
83
74
67
65
64
67
74
75
67
63
65
65
70
80
87
83
77
74
71
71
74
79
74
66
62
64
69
74
81
80
76
74
73
73
73
73
66
63
65
68
70
74
76
71
68
69
69
71
73
72
65
64
68
71
73
78
82
80
80
79
76
70
69
70
67
67
70
71
70
72
73
70
72
74
73
70
72
73
69
70
71
68
63
70
74
74
81
83
77
65
68
71
68
77
85
80
67
65
63
60
70
79
78
73
79
80
77
81
82
75
68
73
72
65
68
70
65
64
74
76
76
83
84
75
70
73
69
66
69
65
58
63
71
74
79
86
83
76
80
83
80
79
78
70
61
64
66
69
75
77
72
72
76
74
77
85
86
78
76
74
66
67
74
75
69
72
71
64
64
70
72
72
81
83
76
75
74
69
63
72
75
72
75
78
74
69
76
78
77
78
80
76
72
77
76
73
71
70
68
65
72
76
79
77
72
69
70
72
74
77
76
73
73
79
79
74
74
71
66
62
69
75
74
78
80
77
73
78
82
76
74
75
73
72
77
83
84
81
79
75
75
76
74
74
72
66
65
73
78
75
77
79
71
68
77
82
80
81
84
74
