78
74
74
65
64
79
86
75
70
76
72
73
81
84
76
71
73
64
66
74
75
76
76
73
58
56
64
66
69
78
85
73
69
71
65
58
66
81
78
81
86
83
72
69
74
72
73
75
73
66
66
73
70
73
76
73
61
57
63
62
71
85
88
77
69
70
60
55
68
79
76
74
81
69
59
67
75
68
65
75
70
61
67
79
76
72
77
74
64
60
69
71
72
77
73
71
66
68
66
68
74
71
78
82
76
65
61
62
52
56
77
80
68
68
74
62
56
70
76
64
63
72
66
63
74
80
68
68
76
69
64
68
68
59
64
74
70
69
72
69
63
69
77
77
81
83
74
60
57
63
65
71
73
66
56
58
63
65
69
69
65
64
66
70
73
76
74
68
68
74
69
71
76
74
66
63
74
73
69
70
67
60
60
69
71
70
73
73
67
67
73
72
73
72
70
63
63
70
65
64
71
71
67
72
80
76
70
73
78
71
70
81
79
70
66
69
67
66
79
83
80
76
76
71
70
80
81
77
73
70
58
57
69
72
71
71
71
58
56
70
70
66
75
85
76
69
73
73
65
67
78
80
80
79
78
78
78
79
81
83
85
86
86
85
79
72
70
63
52
60
74
75
69
71
76
65
65
73
70
68
70
73
69
73
76
80
80
77
73
69
62
62
68
70
68
