83
84
76
69
70
84
77
77
81
75
69
70
80
69
68
73
74
72
74
78
67
67
69
68
63
63
69
64
64
68
70
67
72
78
78
78
77
74
68
68
77
83
82
76
71
60
53
62
75
81
85
86
79
67
69
76
78
77
76
71
65
69
75
77
75
71
67
60
65
71
78
81
74
70
66
65
64
70
76
73
71
73
73
70
73
72
65
64
69
72
70
70
69
65
65
72
79
79
79
76
68
59
55
62
67
71
78
81
78
69
69
71
61
61
70
74
67
64
70
63
59
71
79
74
69
70
68
65
69
69
61
59
60
62
74
79
79
75
72
67
59
63
75
77
73
69
62
57
62
73
74
70
69
66
61
65
71
68
63
64
67
69
76
79
71
61
58
61
66
74
78
74
64
58
61
68
75
75
74
74
69
66
68
73
72
68
69
65
62
68
78
83
79
76
71
65
68
75
77
71
69
73
72
68
66
63
60
64
74
84
84
76
68
61
60
64
74
78
74
69
61
57
59
67
73
75
79
73
70
72
75
73
68
73
70
68
71
74
69
60
67
76
74
82
85
76
60
51
61
60
68
81
81
75
68
72
68
68
85
88
76
63
61
59
51
63
77
79
72
72
79
67
66
74
79
77
72
80
76
66
68
72
69
60
66
77
68
70
75
72
60
58
73
71
72
79
83
74
63
68
60
55
62
76
78
71
75
71
59
64
71
68
63
70
82
73
74
80
73
62
62
73
63
60
70
76
71
65
65
67
70
75
72
67
70
72
69
63
66
69
63
66
70
71
66
65
71
65
67
73
79
74
66
71
66
65
71
73
68
61
68
68
64
69
75
74
69
71
73
65
69
70
60
51
60
70
69
77
80
72
61
61
69
67
76
82
76
63
57
60
54
61
73
75
69
68
77
71
65
66
68
64
61
68
69
72
74
75
71
64
70
71
73
76
77
74
69
73
71
69
71
72
68
63
69
70
66
74
82
75
66
70
75
65
70
79
74
68
71
80
74
68
72
66
54
56
65
66
64
72
75
68
65
73
78
76
82
82
73
66
66
65
64
72
77
76
75
74
66
64
70
72
73
74
73
65
61
64
64
70
79
83
75
66
67
64
62
69
76
73
68
69
66
61
63
67
64
59
66
71
71
69
70
65
60
65
71
78
79
78
71
62
62
65
69
74
77
68
59
61
64
67
73
81
78
71
70
69
67
64
66
65
63
68
71
69
70
75
75
68
67
66
61
58
63
69
70
74
76
73
67
64
62
60
65
70
71
67
67
70
69
69
70
69
67
67
70
67
66
69
69
65
64
71
76
77
75
73
67
62
60
62
69
76
79
79
80
80
80
79
76
69
61
60
61
62
67
72
76
79
81
75
68
68
69
65
61
64
65
67
75
78
75
73
75
77
81
82
75
64
56
53
56
69
80
80
75
70
63
60
66
72
72
70
70
65
65
70
72
70
72
73
67
67
72
71
67
69
71
65
68
73
71
66
68
74
70
69
72
70
65
65
72
69
69
74
76
73
71
74
71
74
81
81
73
63
58
54
58
70
76
74
70
69
64
65
75
80
77
69
66
62
