70
68
70
68
69
67
63
74
75
71
67
67
66
57
62
74
75
72
74
73
61
60
70
66
63
64
68
65
65
76
74
73
72
64
55
55
66
65
70
81
75
65
68
72
65
66
75
75
65
69
70
62
62
71
73
66
73
73
63
62
69
70
64
73
73
64
64
67
66
62
72
73
68
69
71
68
60
65
64
62
67
69
68
64
69
69
68
73
70
67
63
64
66
68
74
72
70
68
63
64
67
69
62
64
70
67
71
76
77
66
62
64
53
55
68
75
72
75
82
67
63
71
68
58
57
68
61
65
79
80
71
65
70
59
59
74
78
71
64
66
56
56
69
74
71
68
67
59
57
66
72
72
71
72
66
57
60
66
71
73
75
77
68
63
60
60
60
62
64
62
57
57
58
60
62
62
68
73
75
71
68
70
65
65
67
68
63
62
71
69
71
75
73
61
52
63
61
60
68
76
70
59
72
71
64
68
72
63
51
69
74
72
81
89
77
58
63
63
55
67
81
78
67
72
75
63
68
75
66
57
63
70
64
68
77
68
60
59
66
66
67
75
73
69
63
65
71
71
76
72
66
57
58
67
67
66
65
65
66
66
65
65
67
59
52
52
55
59
67
68
65
64
64
64
62
