85
80
80
80
79
74
66
74
71
69
70
75
77
71
77
78
68
61
63
66
60
67
80
75
69
72
74
62
61
74
71
68
73
80
75
69
77
73
65
67
71
71
73
80
77
72
73
74
69
63
66
69
75
81
82
80
74
69
66
66
64
61
65
68
74
86
89
78
64
60
52
53
69
80
78
73
73
62
57
66
71
63
57
62
57
57
72
80
72
63
69
65
61
74
77
66
56
65
68
64
77
84
75
61
58
62
52
63
75
73
64
63
73
62
66
76
78
71
66
75
64
60
65
65
61
56
67
64
60
68
72
63
56
63
66
61
74
84
76
71
74
73
59
65
73
65
59
61
65
59
66
76
75
70
64
66
60
63
73
75
75
71
70
69
63
64
63
62
59
60
71
70
72
74
71
62
60
75
73
70
75
74
64
58
74
74
66
71
74
65
58
71
72
60
66
74
74
69
77
77
61
64
72
73
70
71
71
56
56
63
69
72
74
77
67
65
68
71
71
68
75
77
73
74
74
71
61
59
70
68
68
71
72
62
61
77
74
74
80
80
63
53
70
68
65
76
83
75
71
66
62
58
68
62
56
66
74
68
67
80
77
68
78
84
72
64
75
75
63
71
74
68
66
64
63
63
69
75
74
72
69
65
70
74
69
66
66
75
74
80
82
76
69
60
65
65
69
70
68
68
69
69
67
61
58
58
60
64
73
75
77
78
78
67
63
71
68
68
72
70
60
60
73
73
72
75
72
62
60
69
68
67
69
71
71
71
66
64
63
63
65
70
69
66
63
