68
71
86
66
63
80
86
69
64
82
70
65
78
78
62
59
77
76
79
86
78
61
57
63
63
78
88
81
70
68
63
60
75
82
73
73
80
71
68
78
78
66
70
84
77
75
78
69
57
65
83
76
76
81
73
60
63
77
65
62
71
72
63
64
79
75
71
74
72
62
61
78
81
74
71
69
62
59
70
75
69
71
75
71
67
70
71
62
62
68
71
72
78
84
74
63
59
58
58
60
65
65
64
65
67
70
72
74
70
63
59
58
64
69
75
77
76
71
65
65
63
61
61
63
64
62
65
69
70
69
66
63
57
58
64
67
73
79
80
73
69
70
61
60
68
73
70
67
71
65
59
66
71
67
63
71
69
64
70
73
66
60
64
64
61
73
80
77
70
67
60
56
68
75
73
67
66
61
61
73
79
74
69
66
54
53
69
79
80
82
83
67
61
66
67
62
64
72
64
65
76
75
66
64
68
60
61
70
71
65
68
77
75
77
81
77
69
64
66
64
71
80
81
80
82
78
67
65
69
64
59
67
79
83
84
85
76
61
53
59
68
73
77
77
73
61
54
60
64
67
67
71
73
72
81
84
80
71
68
67
67
68
70
72
71
72
75
79
76
71
65
62
66
68
72
72
66
57
62
70
73
76
73
67
58
62
74
75
76
78
80
80
78
63
54
60
64
65
69
78
78
76
76
78
76
69
69
68
71
71
77
84
84
80
69
61
57
55
58
61
62
64
72
72
69
68
70
70
69
68
63
61
63
69
75
82
89
81
71
66
64
62
61
58
55
54
53
52
55
67
69
68
