53
54
53
50
57
61
56
59
62
61
55
57
59
51
54
62
65
62
64
74
67
65
71
71
65
63
74
75
69
74
79
72
65
72
78
69
73
83
82
72
73
80
70
67
73
73
68
70
80
74
68
71
68
62
62
70
67
64
69
68
64
66
73
72
69
72
71
67
67
71
70
65
67
67
63
64
71
78
75
74
76
73
69
69
75
74
70
70
69
66
66
71
75
72
72
69
65
64
66
69
67
70
72
70
70
73
75
72
76
78
74
71
73
75
69
71
74
70
66
69
73
68
66
69
66
61
63
68
68
65
69
67
63
64
69
71
69
72
70
64
65
68
69
67
67
69
66
64
67
70
69
65
66
64
63
71
79
81
75
74
74
69
72
78
80
75
72
75
72
71
74
77
73
70
73
73
71
74
76
72
68
68
70
68
70
73
72
70
69
71
72
74
77
77
77
76
77
76
74
76
76
76
76
76
77
73
74
76
74
74
75
80
78
76
81
82
78
74
73
68
61
65
69
68
66
68
68
62
65
68
67
68
73
79
82
85
86
88
89
90
89
86
79
75
74
73
