57
53
50
51
57
61
59
64
61
57
58
60
62
61
60
59
56
58
61
63
65
65
64
61
64
66
64
61
62
60
59
67
74
75
68
67
71
70
74
79
81
73
66
73
75
74
77
79
77
73
75
78
75
75
76
71
65
65
70
69
66
66
65
64
68
78
82
78
71
64
59
59
68
75
74
70
67
66
64
70
77
75
70
66
67
69
73
75
75
72
65
63
66
67
67
72
75
71
67
71
72
68
67
71
68
64
73
76
70
68
75
75
68
73
75
70
66
70
71
62
64
67
64
65
72
77
70
72
76
72
66
65
66
64
66
70
71
69
66
64
64
70
72
71
73
76
75
72
74
79
74
69
72
73
66
66
74
76
75
79
83
80
78
80
79
73
69
69
66
66
69
71
69
70
74
73
72
72
72
72
70
73
73
73
69
67
69
68
69
71
75
77
78
76
74
71
69
71
74
75
74
73
74
72
72
75
80
81
80
79
77
78
84
89
89
85
80
74
73
79
83
84
87
87
83
78
79
80
81
82
83
83
83
83
83
83
83
87
88
89
88
86
84
84
84
84
