52
58
57
53
62
65
60
61
67
64
56
55
58
57
55
60
61
58
60
65
70
75
78
75
68
66
68
71
77
81
77
71
70
70
69
73
79
78
72
73
75
71
71
74
72
65
67
71
69
70
75
73
68
70
74
70
68
69
66
61
66
73
72
73
77
73
66
69
76
76
75
80
80
73
74
79
78
74
72
71
69
73
77
78
77
75
71
69
71
73
75
76
79
77
74
72
70
68
69
71
75
75
73
68
66
68
70
72
75
77
74
70
68
69
70
74
79
80
77
72
67
63
63
65
68
72
75
75
71
68
65
64
65
68
72
74
73
72
72
72
73
75
79
79
75
73
73
72
70
69
69
67
68
70
72
73
72
73
70
71
75
79
79
77
76
72
72
74
77
79
79
77
73
71
69
69
70
71
72
72
75
76
72
70
70
71
70
74
81
80
77
75
71
67
66
72
75
74
74
71
66
63
66
68
68
71
75
76
76
78
79
78
77
78
79
79
80
78
75
74
72
75
78
79
77
75
76
77
79
82
84
82
77
73
71
70
72
76
76
74
75
76
77
81
84
81
75
73
74
73
76
79
78
72
68
71
71
70
72
72
68
67
71
74
75
77
75
69
67
73
75
78
83
86
82
76
78
78
75
76
78
77
73
76
81
80
80
79
77
73
74
77
78
79
80
77
73
72
73
72
76
82
82
79
80
79
75
74
76
78
76
78
80
77
79
83
85
86
87
88
88
89
88
87
84
80
77
75
73
74
74
76
74
73
73
74
78
83
88
89
85
85
85
86
86
85
80
76
74
74
77
82
88
85
78
74
73
73
77
84
84
80
76
77
78
79
79
80
81
82
86
87
87
87
85
83
80
75
73
72
69
71
76
79
77
76
77
73
71
74
76
73
72
73
73
72
74
76
74
75
76
77
81
83
82
78
77
77
75
77
83
88
86
86
85
84
83
82
82
82
82
82
80
78
