57
59
56
54
57
59
62
66
68
64
58
60
59
57
59
60
57
51
54
60
58
62
67
68
62
61
67
60
57
60
61
57
60
71
67
65
70
71
64
65
76
76
72
78
82
74
70
71
70
63
68
76
75
78
80
81
75
73
74
71
74
75
76
77
76
76
73
73
71
67
70
71
71
72
77
74
67
69
71
68
69
75
76
72
73
77
72
72
76
77
72
70
75
73
73
77
79
75
70
73
76
75
78
77
72
66
66
70
69
71
75
77
76
76
77
71
68
69
71
72
73
75
71
67
69
72
74
76
80
79
73
70
68
66
67
69
69
66
67
70
75
78
76
72
68
67
68
68
69
67
67
68
71
74
76
76
75
75
74
75
77
78
76
72
73
69
68
71
73
72
72
75
77
77
80
82
78
75
78
77
73
75
78
74
69
73
76
73
75
80
78
74
76
76
70
68
69
67
63
65
69
69
70
74
75
73
73
71
70
69
70
71
71
73
72
70
68
68
69
70
73
72
72
72
70
70
70
71
70
69
72
73
75
76
76
73
71
73
73
74
75
74
74
74
76
76
78
78
77
75
73
74
76
80
82
81
80
78
77
76
79
79
76
77
75
76
77
78
80
79
79
76
77
79
77
75
74
74
66
63
64
64
62
63
68
66
68
72
74
73
73
76
70
69
72
71
68
69
72
65
64
70
70
68
70
76
74
75
83
83
79
80
82
76
72
77
74
67
67
72
67
67
76
76
72
75
79
76
76
85
84
79
79
80
73
71
76
76
71
71
73
70
71
77
79
78
81
84
81
83
88
86
83
83
83
77
77
82
80
75
74
74
69
69
73
72
69
70
72
70
72
77
77
74
73
73
72
74
77
75
72
72
76
79
81
83
82
82
82
85
87
87
86
81
76
74
76
76
77
79
77
73
73
75
73
71
72
72
72
73
78
76
73
73
71
71
73
78
79
76
74
72
71
73
77
76
75
77
79
82
86
89
90
89
88
87
86
84
83
80
78
78
77
73
71
71
72
74
78
80
77
73
73
72
71
72
72
70
70
72
74
75
75
75
75
74
75
77
79
79
79
80
80
83
86
86
84
84
83
80
80
79
76
74
74
71
69
70
73
78
82
83
79
75
73
73
74
77
80
78
78
79
77
76
76
77
75
75
79
83
86
88
88
82
79
79
78
78
78
78
74
71
71
71
73
73
74
76
77
78
78
79
77
76
76
75
73
73
74
73
74
78
80
80
82
84
82
83
86
88
87
84
81
77
76
78
80
81
81
81
81
82
83
84
84
83
82
80
79
83
84
82
81
80
77
77
81
82
77
75
71
65
65
70
73
72
73
71
69
69
72
73
73
76
76
73
75
78
77
77
82
82
80
83
85
80
75
76
73
68
69
72
71
70
77
79
76
78
80
76
74
78
77
73
72
74
72
72
78
82
83
83
83
82
78
80
80
79
77
74
72
70
70
69
72
74
74
72
75
79
77
77
76
72
67
67
71
72
74
75
76
74
72
73
74
75
76
78
79
79
80
81
80
77
76
76
73
71
72
72
70
73
77
76
72
70
71
68
68
73
74
73
72
70
68
68
70
70
71
73
