50
54
59
63
64
65
66
65
64
64
63
64
64
66
67
69
72
73
75
75
77
78
80
80
77
75
74
74
74
74
75
75
74
72
71
71
74
75
75
73
72
71
70
73
74
76
75
75
74
72
74
76
76
76
78
78
75
75
77
76
73
73
73
71
71
72
72
72
73
74
72
73
75
74
71
70
71
70
70
72
72
70
72
74
76
80
83
80
77
76
75
73
74
77
77
76
76
76
72
74
76
76
73
72
72
69
69
70
68
64
65
67
66
68
71
73
73
76
76
74
74
74
72
70
73
75
75
74
74
72
70
71
72
74
75
76
75
74
72
69
71
72
72
71
72
75
73
73
74
73
71
72
73
70
69
73
75
76
80
83
78
74
74
74
75
79
82
78
77
77
74
73
76
78
72
73
75
72
71
74
75
68
69
73
72
72
77
78
73
73
74
71
69
71
73
70
71
75
74
74
77
78
74
76
79
81
83
88
90
89
88
86
84
80
79
76
76
79
79
75
75
75
74
74
77
77
74
75
76
74
75
79
82
82
82
81
77
72
74
75
74
75
77
77
76
78
79
78
78
80
83
83
85
87
87
85
83
83
82
82
81
82
81
77
73
71
71
71
71
70
70
70
70
75
81
85
87
89
89
88
87
82
79
76
72
69
67
67
65
66
71
76
77
77
76
74
72
75
79
80
84
87
88
88
87
84
83
82
81
81
81
83
81
79
81
