52
50
56
58
53
60
63
60
59
62
62
56
61
67
64
62
65
67
63
66
70
65
61
64
68
67
71
76
71
64
64
67
68
74
83
81
76
76
78
76
78
83
80
74
72
72
73
76
81
80
76
76
78
77
77
78
76
70
69
73
73
75
75
76
73
71
75
80
83
82
80
75
69
68
69
69
70
71
71
71
76
79
77
77
76
70
68
76
80
76
76
80
75
70
76
78
71
69
75
73
66
70
73
69
69
73
70
65
68
72
71
75
80
79
73
73
70
68
70
73
71
66
68
67
65
69
74
74
72
75
73
70
73
79
79
72
70
67
63
66
73
75
73
76
76
74
76
80
77
71
70
68
69
75
83
84
80
81
77
77
80
84
84
83
86
81
76
76
76
73
71
73
68
66
70
74
74
74
77
75
71
74
76
74
75
80
77
71
72
72
66
66
72
73
70
72
74
68
67
72
74
74
75
77
78
76
82
84
84
85
83
81
80
83
85
85
85
82
80
79
81
81
82
82
77
74
78
85
87
88
89
86
79
75
80
80
78
79
79
77
76
77
82
84
85
85
85
84
84
86
87
89
90
90
89
89
88
88
87
87
87
87
86
85
84
84
84
82
80
80
80
79
83
83
82
81
80
80
78
80
80
74
73
72
72
72
77
79
74
74
76
78
79
83
81
75
73
73
74
75
81
84
80
81
82
84
85
85
84
85
82
76
74
