57
51
51
55
59
61
64
69
62
58
58
56
56
58
64
59
56
58
58
61
68
75
75
73
72
66
63
65
70
73
74
75
72
67
65
67
71
74
78
79
76
72
69
73
75
78
81
79
73
66
70
73
73
78
79
73
62
60
67
65
69
73
69
59
53
59
61
61
67
71
68
67
70
73
70
70
69
63
56
52
56
58
62
66
66
65
64
66
67
65
65
64
62
60
61
62
62
63
64
66
67
69
71
71
70
69
67
64
64
66
68
70
75
78
76
76
76
75
74
75
74
69
67
66
66
65
68
69
66
63
63
65
68
72
75
74
74
74
74
74
74
73
73
74
73
73
74
73
69
68
69
69
71
76
77
74
72
74
71
69
71
71
69
67
70
72
72
76
79
76
73
70
68
69
70
70
71
71
71
70
72
74
72
71
72
72
72
72
73
71
69
72
72
72
71
70
68
70
74
74
73
74
71
67
70
76
73
71
70
67
62
65
72
72
70
72
69
63
69
76
74
72
76
75
69
72
78
77
77
82
83
75
74
77
73
71
73
76
68
68
72
70
70
76
82
78
76
78
74
71
73
75
72
68
72
73
69
69
71
73
72
71
74
72
70
71
73
76
78
79
80
79
73
70
70
73
74
74
76
75
70
70
74
77
76
73
75
75
74
80
86
85
80
78
80
80
79
77
76
77
81
83
81
79
77
76
74
76
78
79
80
81
85
89
89
85
78
72
67
65
70
76
76
73
72
69
65
67
72
72
69
72
77
79
83
85
82
80
78
78
77
76
76
75
77
82
82
77
76
79
75
71
74
75
71
70
79
79
75
75
74
70
67
73
75
75
81
84
83
81
80
75
73
75
72
65
65
73
70
72
77
76
72
72
79
77
77
79
77
71
70
75
74
77
83
80
72
70
73
72
73
79
78
72
69
73
71
68
71
72
67
64
68
71
71
75
76
72
68
68
70
70
74
76
73
72
74
77
76
79
81
79
76
78
79
75
75
75
72
67
66
70
70
69
70
71
70
69
73
76
76
74
73
70
67
67
67
69
68
67
67
68
68
68
73
76
74
71
73
73
70
72
77
75
70
69
69
67
69
77
81
80
81
80
75
72
72
71
68
68
68
67
68
71
72
72
73
72
70
68
70
70
69
68
66
63
62
63
63
63
67
68
68
68
71
74
73
74
74
72
70
70
69
68
70
69
66
66
71
73
72
72
71
70
70
70
71
71
75
76
75
75
75
73
70
73
73
72
75
78
77
74
77
76
74
77
78
76
74
78
79
77
78
78
75
73
76
74
70
68
72
72
71
76
77
74
73
73
71
69
71
74
73
72
74
74
71
71
73
71
69
70
71
70
70
72
72
69
69
69
68
71
74
76
75
74
72
70
69
68
66
66
68
69
71
74
76
76
76
77
73
69
69
68
67
68
71
69
69
72
72
69
68
69
68
69
73
74
72
71
69
67
65
66
65
62
65
69
71
75
80
79
74
71
66
61
61
65
67
67
70
70
68
67
68
67
66
68
69
70
71
70
68
66
67
69
72
74
73
72
72
73
70
67
67
65
65
69
72
73
74
76
76
74
74
73
