52
51
50
51
60
64
65
65
61
58
57
62
61
60
61
58
57
58
66
68
69
73
73
72
73
78
74
70
71
72
71
73
78
76
71
71
72
72
73
77
77
75
76
76
71
69
71
70
69
72
75
73
71
72
73
74
76
78
74
69
67
64
65
69
73
71
72
74
71
71
73
75
72
73
77
76
74
72
70
62
60
65
68
72
76
77
69
67
68
70
72
74
75
72
74
76
77
77
74
72
65
66
69
74
76
74
73
67
66
66
71
73
71
72
69
69
69
72
71
68
69
67
68
71
73
72
69
72
72
73
76
76
71
67
68
68
68
75
77
75
72
73
72
71
75
76
77
77
74
76
74
74
72
70
72
71
74
74
75
74
73
74
72
75
76
76
76
75
74
71
71
69
67
68
69
68
67
70
70
70
75
78
77
73
72
71
68
72
74
72
68
68
67
63
67
70
67
65
68
73
72
77
82
79
75
74
79
78
83
86
85
84
82
81
79
77
82
82
84
85
82
76
69
73
72
71
71
67
62
60
66
71
73
77
75
70
68
73
78
78
82
81
77
73
76
79
77
77
78
78
80
85
88
86
85
82
79
79
80
78
73
76
76
75
76
77
75
72
75
74
71
72
73
71
71
75
76
76
77
79
80
80
80
81
82
84
86
88
90
90
89
87
86
83
82
78
72
72
78
76
72
75
76
73
73
81
79
75
77
78
78
77
84
83
80
80
78
76
78
83
78
72
73
73
72
75
81
77
72
75
73
70
73
78
73
70
77
77
73
74
78
72
68
76
79
77
77
80
74
68
75
79
77
79
82
80
78
84
85
81
79
78
74
74
80
78
73
74
78
77
80
86
85
78
76
75
69
67
71
71
67
67
70
67
67
70
71
69
70
73
70
70
71
70
69
70
71
69
70
72
69
67
69
70
67
67
71
71
73
76
76
72
70
72
72
75
81
82
78
74
74
69
69
76
79
77
73
74
72
71
74
75
73
72
75
77
78
80
80
76
70
71
72
71
73
73
71
66
68
73
75
77
76
73
69
69
73
75
76
74
73
70
69
70
70
70
67
66
67
71
74
74
74
71
70
72
77
80
81
79
75
73
73
76
76
76
77
76
75
75
76
73
70
70
70
71
74
77
76
74
74
75
73
74
79
80
76
75
74
70
67
69
73
70
71
72
71
69
70
73
69
69
69
69
68
67
70
69
73
75
77
77
76
77
71
70
69
71
72
72
76
73
73
71
71
70
67
72
72
73
72
75
72
67
71
74
74
74
77
77
70
72
73
70
67
69
69
66
73
77
76
75
78
77
76
83
85
83
82
82
78
76
83
86
83
84
83
75
67
69
72
67
69
73
68
65
70
77
71
72
77
73
68
71
77
72
71
76
73
67
69
76
74
72
75
72
69
69
72
71
71
75
71
70
71
72
71
71
76
74
73
75
77
72
70
74
73
71
73
76
72
72
76
72
67
69
73
70
70
76
74
70
72
77
72
70
77
77
72
72
78
75
71
75
78
73
69
74
72
70
76
81
80
80
85
83
78
79
80
77
77
82
80
77
78
78
73
70
72
67
67
73
73
68
68
72
66
65
69
70
70
