55
51
53
58
57
59
64
64
58
60
62
58
58
62
62
58
61
62
59
61
63
61
58
62
62
60
64
67
65
63
66
66
64
67
69
66
64
68
68
66
69
71
69
69
73
73
73
75
75
72
71
73
71
69
67
65
62
62
62
64
64
63
61
60
58
60
62
63
63
63
65
66
67
69
69
67
65
63
59
58
59
58
56
57
58
56
58
59
57
56
57
57
57
62
65
65
66
69
71
72
76
77
75
73
73
71
70
74
76
75
76
80
79
79
82
81
77
76
77
74
73
75
73
68
69
70
66
67
71
72
71
74
74
70
69
71
70
67
72
74
73
75
78
76
71
73
73
72
73
75
74
72
73
73
71
71
71
70
69
73
74
73
73
73
71
68
71
74
74
74
76
76
73
73
74
72
71
73
75
74
77
79
75
71
70
71
68
73
78
76
73
74
72
66
69
71
69
67
72
74
70
71
73
68
66
69
72
71
74
76
72
69
69
68
68
72
76
73
72
72
70
67
67
68
66
68
70
73
74
74
74
71
70
68
69
69
69
70
71
72
70
72
73
71
71
73
73
69
71
71
67
67
70
72
69
71
73
69
68
72
72
69
71
72
68
69
73
74
72
73
74
71
71
74
73
70
70
71
69
70
73
72
71
70
71
70
72
75
75
74
73
73
74
76
76
73
70
66
65
66
69
71
71
72
71
72
73
74
74
74
73
70
70
72
74
73
73
71
69
71
74
77
77
78
78
75
75
76
75
74
76
80
81
83
84
81
75
70
67
66
67
69
70
73
74
74
76
77
76
73
73
73
71
69
70
69
67
69
73
74
75
77
77
76
76
74
71
69
69
67
66
68
69
72
76
78
77
74
71
69
67
68
71
73
73
76
77
77
79
82
82
82
83
81
78
75
74
73
71
70
71
74
76
76
75
73
73
71
74
76
77
77
77
76
74
75
76
77
76
74
74
72
72
74
72
70
68
70
71
74
78
80
78
78
80
80
80
81
82
80
80
79
77
75
73
72
71
72
76
78
80
80
78
75
74
75
77
77
79
79
77
77
79
80
79
79
78
78
80
82
82
81
81
79
78
78
79
77
74
75
76
75
75
76
77
77
75
76
76
76
76
77
79
81
83
84
83
82
83
83
83
83
83
83
83
83
82
77
77
78
76
76
79
79
76
76
79
78
78
80
80
75
76
80
78
77
79
80
74
76
82
82
80
82
81
72
72
78
79
77
79
78
70
71
75
75
74
77
79
74
76
80
77
73
75
76
74
81
87
87
85
88
85
80
83
85
81
79
83
82
80
87
89
85
83
84
85
86
86
85
83
82
80
80
80
80
81
83
84
86
87
87
86
85
80
79
81
78
