51
54
53
57
64
63
61
62
63
57
55
62
58
58
63
67
63
62
71
69
70
75
79
73
66
73
70
70
77
80
75
69
73
70
68
74
76
72
70
72
73
71
75
75
69
66
69
71
70
71
69
66
65
69
78
79
78
74
69
62
64
73
75
73
73
72
69
71
77
79
77
77
75
70
68
69
71
68
70
70
71
73
72
72
67
69
72
75
77
72
72
69
70
72
78
79
70
68
69
67
68
73
75
68
66
72
69
66
72
75
66
62
70
71
67
71
75
70
66
72
77
75
77
76
69
65
67
72
72
71
73
73
74
78
81
81
75
70
68
70
71
73
73
69
65
68
72
71
72
75
70
65
71
75
71
67
70
70
65
72
80
78
73
71
71
65
69
74
73
71
71
74
72
75
78
76
73
71
73
73
73
73
72
70
66
67
69
71
72
71
70
69
72
75
75
74
74
74
72
71
73
71
73
74
74
71
73
76
72
72
77
83
84
86
88
81
76
76
77
75
77
79
77
78
79
79
77
76
77
75
74
74
73
70
71
72
72
74
76
76
75
75
74
72
75
79
81
79
78
77
78
81
82
79
75
74
74
76
82
85
85
81
78
74
74
79
81
77
74
72
70
73
79
82
78
75
74
72
74
79
79
76
75
77
76
80
85
84
80
77
76
73
74
75
73
72
75
76
76
79
80
79
77
78
78
79
81
79
76
78
80
79
79
81
79
73
73
75
72
71
72
69
65
69
74
76
80
83
83
80
80
79
77
77
78
77
78
80
79
77
80
80
77
78
80
79
76
76
76
72
73
77
79
79
79
78
78
82
83
81
79
77
73
68
73
76
75
76
76
74
71
75
80
78
77
76
72
67
67
67
65
67
71
74
76
80
80
78
76
75
73
74
78
77
75
78
80
79
82
88
87
84
82
80
75
72
76
77
76
76
75
74
72
76
76
76
76
74
74
78
79
78
80
82
79
73
75
75
68
68
74
75
71
71
75
72
70
75
77
73
72
73
68
63
66
70
70
72
75
72
73
76
76
74
73
72
67
65
71
73
75
80
83
83
84
89
87
82
81
76
71
75
80
78
77
81
82
80
82
86
81
78
78
74
70
72
75
72
73
76
73
71
76
75
72
70
70
68
67
73
74
74
71
71
68
66
71
73
73
71
68
68
69
73
72
74
75
71
67
69
70
65
65
68
65
64
72
78
74
72
75
73
68
72
76
74
69
70
73
70
73
78
79
77
75
78
76
73
74
74
72
70
74
79
78
80
82
82
79
77
79
76
71
71
71
69
69
76
76
71
72
75
74
73
75
73
68
66
69
70
71
76
77
73
70
72
72
71
74
77
75
72
71
70
70
74
77
76
74
73
73
73
75
77
76
76
75
75
75
77
77
73
73
71
70
70
72
74
73
73
74
75
75
74
73
70
69
68
72
77
76
77
79
81
79
78
80
80
77
77
80
82
79
78
78
77
77
79
82
78
74
75
76
74
75
77
74
68
69
72
71
70
71
69
66
69
74
76
77
80
79
74
71
71
69
67
67
66
67
68
71
74
76
77
77
75
72
71
73
