54
60
58
50
56
66
63
65
72
69
58
59
65
60
61
69
70
62
64
72
73
74
81
82
75
74
76
75
73
76
76
73
74
75
78
81
82
82
81
80
75
74
74
76
74
73
73
70
69
68
70
75
78
80
78
77
73
68
71
73
74
74
77
77
72
74
76
75
75
77
78
73
73
74
76
75
75
75
74
75
74
76
76
74
71
71
71
71
74
77
77
72
69
69
67
70
75
78
77
77
76
72
71
73
75
75
75
76
74
74
75
74
72
73
78
80
80
79
77
74
72
75
75
75
76
75
74
72
73
73
70
71
70
69
68
72
74
72
73
74
73
73
76
79
76
74
73
71
70
76
81
82
83
85
82
81
80
79
79
85
88
82
81
81
76
72
79
82
76
75
77
73
67
72
77
74
74
79
78
73
76
78
73
68
71
73
71
76
80
76
71
73
74
71
76
81
79
74
75
75
70
73
78
78
76
79
80
75
76
79
78
73
76
80
76
80
84
82
78
78
81
77
80
84
82
77
79
82
78
79
82
80
74
77
84
81
81
82
78
72
72
77
80
83
83
79
74
76
79
79
83
84
79
78
81
82
80
79
78
74
71
74
78
77
77
76
74
74
77
80
78
77
78
77
78
80
81
79
79
80
77
75
78
82
81
80
81
79
75
75
82
82
81
86
89
90
90
89
86
84
84
81
77
