54
50
54
62
63
61
62
64
67
62
68
69
64
63
60
61
56
58
64
65
67
67
65
71
68
70
73
76
76
70
73
73
67
70
74
76
71
70
80
76
76
80
81
76
72
76
80
78
81
79
74
68
67
68
67
69
67
64
63
64
65
66
71
72
71
73
73
73
71
72
70
69
73
73
69
65
66
67
71
79
83
81
77
75
70
71
79
80
75
71
70
66
67
74
74
71
71
73
68
65
70
69
67
69
74
73
73
77
73
67
68
75
76
74
78
77
73
72
74
71
64
67
68
65
66
72
73
68
73
78
77
75
81
82
74
74
75
70
65
68
72
63
65
75
76
72
73
77
67
63
72
74
72
72
74
72
66
72
73
72
74
71
71
69
69
70
71
74
72
70
74
71
71
74
77
75
71
76
74
72
80
83
77
70
73
74
68
75
80
76
72
74
78
71
75
79
79
76
77
81
78
74
75
77
75
72
73
75
67
66
70
71
66
65
76
76
78
84
87
82
74
78
76
70
74
77
75
69
70
77
73
78
83
81
77
76
80
81
85
89
85
76
75
78
80
79
86
86
82
78
77
80
75
76
76
75
74
71
78
78
74
75
79
80
75
80
83
80
81
85
86
78
77
81
78
77
81
83
77
73
79
76
75
80
83
74
66
70
71
70
77
83
77
70
73
77
74
80
88
85
79
81
87
81
81
85
82
78
80
84
80
79
83
82
79
79
80
76
74
79
82
83
84
87
83
79
79
79
79
81
83
82
80
78
74
70
74
79
80
77
74
70
65
67
75
81
83
83
82
76
76
81
83
80
78
80
79
80
82
82
79
76
77
75
77
80
79
75
72
75
77
81
83
80
74
73
77
80
83
83
78
74
73
75
78
82
83
80
76
76
75
76
79
79
77
78
80
80
78
79
76
73
71
74
75
73
73
73
73
76
82
84
82
81
79
76
75
78
82
85
87
88
88
89
88
88
87
87
86
86
83
78
74
71
72
75
79
80
77
74
72
72
72
74
76
77
76
77
79
81
79
76
73
71
70
70
70
70
70
69
67
68
74
79
81
79
73
68
71
73
72
75
80
80
78
82
83
79
77
79
75
70
73
76
72
71
75
75
73
78
83
82
79
80
76
70
69
68
70
74
76
76
75
76
72
66
67
69
71
77
82
80
78
81
80
76
78
77
70
66
68
69
71
77
82
78
75
75
71
70
74
75
70
68
71
72
73
80
83
82
81
80
77
74
76
76
72
72
75
74
74
76
77
75
74
74
75
78
80
79
76
75
74
71
72
73
70
68
68
66
66
69
72
70
70
74
71
70
75
77
74
71
75
74
73
77
77
74
73
78
76
76
78
76
69
68
74
74
78
84
83
78
78
83
79
79
83
82
76
76
81
78
76
79
80
77
78
79
76
75
77
77
74
77
80
78
76
78
76
73
74
74
70
70
72
71
71
74
73
69
69
70
68
68
71
72
72
74
73
70
68
70
67
64
67
71
70
69
72
70
68
70
73
73
73
77
76
74
75
75
72
70
74
74
74
76
75
70
69
75
77
81
87
88
87
87
89
82
78
77
73
69
69
73
70
67
68
