50
50
54
59
62
65
63
61
58
58
57
58
60
60
59
58
60
61
61
63
61
58
57
59
61
61
63
64
66
69
74
77
76
73
69
66
66
71
76
77
75
71
68
68
71
75
78
80
79
76
73
73
71
70
70
70
70
71
73
71
69
69
70
70
71
72
71
70
70
72
71
72
73
73
72
72
72
70
70
71
71
70
70
72
71
70
73
75
76
79
80
78
76
78
76
74
75
77
72
67
69
68
68
70
72
69
65
67
68
69
71
73
72
68
70
70
70
72
72
71
68
70
73
73
72
70
69
66
68
73
74
73
72
73
69
69
73
73
73
73
75
72
69
71
69
67
68
72
73
72
75
77
75
74
77
76
71
69
71
69
68
73
76
76
76
78
75
71
72
72
70
71
75
76
72
72
74
71
69
73
75
73
73
76
74
70
71
73
70
67
72
73
70
71
75
74
71
76
78
77
80
82
82
79
80
80
78
80
80
74
70
73
72
71
76
79
75
70
73
73
70
75
79
76
73
75
75
71
74
77
77
77
77
78
81
84
86
88
89
89
90
90
90
89
88
87
85
80
80
81
79
79
