52
51
50
52
59
63
68
71
71
67
65
66
64
63
63
63
60
59
65
66
68
71
72
67
67
70
70
70
74
76
75
77
81
79
77
78
75
70
73
75
73
75
80
79
75
77
77
73
76
80
78
75
77
76
74
77
79
74
74
76
75
75
81
81
76
74
75
71
71
79
80
75
73
73
67
67
75
77
75
76
77
70
69
75
75
71
73
74
70
73
77
77
75
78
78
73
77
80
78
76
77
75
71
74
75
73
75
79
78
74
74
72
67
67
73
72
71
74
75
72
74
78
76
72
72
72
69
70
74
73
72
73
74
76
76
77
74
74
74
73
74
74
74
75
74
75
74
75
75
75
75
73
73
75
76
74
74
75
73
73
75
79
77
76
80
79
76
76
77
73
68
71
74
74
74
74
70
67
71
74
75
76
77
73
71
76
80
80
79
77
72
67
68
72
72
71
70
70
69
71
75
75
71
71
74
75
75
79
80
77
75
79
80
79
82
82
78
77
78
76
74
78
78
75
74
77
76
76
80
81
78
77
80
77
76
78
78
75
79
83
83
83
84
80
76
77
77
75
76
79
76
71
71
68
63
63
68
70
72
76
77
75
75
78
79
82
84
83
81
81
82
83
85
87
88
86
84
82
80
79
78
74
70
68
71
75
76
76
74
70
70
75
77
78
82
84
82
83
87
88
89
90
90
88
87
83
83
84
77
