50
53
55
56
58
62
60
61
63
64
60
60
61
58
59
64
67
67
70
73
69
70
75
76
73
72
70
64
62
62
63
63
66
68
72
76
78
80
80
78
73
72
75
72
72
76
76
71
71
76
72
72
76
74
69
67
70
67
66
72
73
70
68
71
70
67
73
75
73
68
69
68
64
65
66
66
64
64
67
70
73
75
75
72
71
71
72
77
80
79
75
71
69
67
68
71
71
70
72
73
70
70
71
70
68
70
71
70
70
71
69
68
71
74
73
73
71
66
64
67
71
73
76
77
71
64
62
64
64
70
75
74
72
72
74
73
72
71
67
64
64
68
72
75
76
74
71
69
70
72
74
74
71
69
68
70
73
76
76
74
72
74
77
78
78
74
73
71
68
71
75
75
71
71
72
68
69
72
74
69
68
74
73
73
77
79
75
70
71
68
66
68
70
70
71
75
73
71
71
70
68
66
69
69
70
73
73
71
72
75
76
77
81
81
79
78
81
82
84
86
85
80
76
75
75
75
79
79
75
71
71
72
70
72
74
73
71
71
75
78
79
79
79
77
78
78
77
78
75
72
68
69
71
67
69
72
71
70
77
83
80
80
81
75
68
73
80
77
74
72
70
63
65
72
71
70
70
67
63
65
71
71
72
74
70
67
73
78
80
83
89
90
89
87
84
80
83
82
76
73
75
70
65
71
76
74
74
78
75
69
73
78
77
76
81
79
73
74
74
72
71
74
73
68
71
73
72
72
78
81
76
77
77
75
74
76
79
74
72
72
71
69
70
73
70
71
74
74
72
74
77
72
70
73
75
76
77
84
83
80
80
78
73
69
75
77
73
74
74
71
65
70
72
65
68
75
76
71
73
80
74
73
78
77
71
71
76
69
67
71
72
68
70
77
72
68
73
74
71
73
79
77
73
76
77
73
71
75
76
75
81
83
80
76
77
77
74
78
80
79
76
75
79
77
78
80
78
76
73
75
75
74
73
70
67
67
68
73
75
77
77
76
76
75
74
72
70
66
63
63
68
72
75
75
73
72
75
77
76
73
71
69
69
74
76
76
75
74
69
68
71
73
73
72
70
68
70
75
76
74
72
70
68
71
75
78
78
78
78
77
79
81
78
74
71
71
73
78
81
81
78
77
77
78
80
79
75
71
69
69
71
75
76
74
71
71
70
70
72
72
70
68
68
68
69
72
72
72
74
76
75
74
73
70
65
65
68
71
72
74
73
70
69
72
73
72
73
75
77
79
82
82
80
81
81
79
79
80
78
74
74
76
77
78
81
80
74
70
70
68
69
71
72
70
70
71
72
73
76
77
76
77
80
80
79
75
71
66
65
67
69
70
72
72
71
73
74
76
77
79
79
76
76
77
76
74
73
71
69
74
78
79
78
75
75
75
78
79
79
77
74
73
75
79
80
81
80
77
72
69
69
69
72
75
75
72
71
72
71
71
71
73
75
77
78
78
78
77
77
78
77
75
72
69
65
63
64
65
69
72
74
75
75
74
71
70
70
71
71
73
74
71
68
66
64
64
66
69
70
72
72
70
68
70
72
71
72
73
72
71
72
72
