53
50
54
56
53
55
58
63
65
70
72
68
68
70
67
69
71
72
68
65
68
63
65
69
70
66
65
71
68
70
73
74
72
69
72
71
73
76
77
77
74
73
73
72
74
76
82
80
75
71
70
67
67
72
73
67
63
66
66
70
77
80
76
70
69
66
67
71
72
68
64
65
66
68
71
72
70
67
68
70
69
68
71
72
71
70
71
74
74
75
75
73
71
71
72
74
74
73
70
67
67
68
71
72
73
72
71
72
70
69
68
67
68
69
71
70
70
73
70
70
76
79
77
74
74
74
71
73
76
74
73
72
71
70
68
69
70
72
71
67
68
67
66
66
67
68
69
73
76
70
68
69
69
66
67
72
67
63
65
65
63
64
68
69
69
75
79
80
82
78
74
76
78
79
82
87
84
76
72
75
75
73
81
81
76
72
69
67
69
71
71
72
74
72
66
69
77
71
71
76
77
73
73
76
73
65
66
70
68
70
71
68
68
69
70
72
77
84
83
79
81
77
68
70
76
78
78
80
78
73
77
78
76
76
80
78
73
72
74
72
65
69
70
70
73
75
77
77
76
73
71
75
77
76
76
80
75
76
84
86
83
80
80
81
81
80
79
82
83
81
78
78
78
73
75
80
79
74
77
78
73
76
77
72
71
75
76
73
78
82
77
71
77
80
74
78
83
79
72
74
76
70
71
75
71
66
72
75
74
83
88
89
90
90
85
79
78
77
76
77
73
66
70
74
