55
52
51
60
62
61
68
71
63
57
60
59
58
64
67
61
58
64
65
67
72
73
68
64
66
65
64
69
72
71
71
74
77
77
75
74
74
75
77
80
80
76
73
74
75
73
75
79
78
77
80
81
76
75
74
68
65
70
74
73
73
74
69
66
71
77
78
79
81
74
68
70
75
75
76
77
71
66
71
77
77
74
74
73
73
78
82
82
80
76
72
73
76
80
82
82
75
67
70
76
78
79
78
74
68
70
74
72
71
72
71
68
72
77
76
74
72
72
71
72
73
70
69
71
74
78
77
76
72
68
68
71
76
78
76
73
69
71
79
87
88
84
82
77
73
76
78
75
70
69
71
75
82
84
80
73
67
68
75
80
82
81
78
71
66
72
76
73
72
74
69
69
77
80
73
72
78
73
71
79
83
75
71
76
70
68
77
78
69
66
76
72
68
72
72
64
65
77
76
75
81
82
76
75
85
84
83
84
81
73
68
74
76
78
83
83
78
73
76
77
80
83
81
79
78
79
79
83
86
82
78
75
76
76
79
83
83
82
80
77
79
84
84
83
83
83
81
80
80
79
74
70
71
73
77
84
85
83
83
86
85
84
84
84
84
85
86
88
89
89
84
82
88
