52
50
54
54
55
58
63
64
61
64
64
61
58
60
60
55
58
62
64
67
72
72
63
61
61
61
64
67
70
67
65
65
65
68
72
75
75
74
75
74
73
73
74
73
73
74
73
73
74
73
70
71
74
75
74
75
74
69
68
70
72
72
76
78
72
70
72
70
68
72
77
74
73
77
74
68
69
74
71
70
76
77
73
72
78
72
69
72
73
71
71
78
74
70
73
72
68
67
74
73
70
74
74
70
67
71
70
66
70
71
68
64
67
67
64
71
77
76
72
74
75
68
72
75
72
67
70
72
68
74
80
77
71
72
76
73
77
82
78
71
69
71
70
77
84
82
78
76
74
71
73
76
72
70
72
75
75
77
80
78
77
78
79
78
76
75
71
71
72
75
81
82
82
79
78
75
71
74
74
74
74
76
74
70
73
72
72
74
78
78
73
76
76
74
74
77
76
72
77
79
78
79
80
75
71
77
79
78
83
87
83
77
83
85
82
85
89
85
77
79
77
73
75
76
73
69
76
77
73
77
79
76
74
81
83
80
82
84
81
78
82
84
81
82
82
78
76
81
84
81
83
83
78
75
80
81
77
80
81
77
75
82
87
82
82
83
77
74
78
82
80
83
85
82
79
78
76
70
74
80
81
81
83
80
70
70
76
78
79
83
84
78
77
83
85
83
82
81
81
81
81
82
81
80
83
83
79
75
73
72
70
72
73
72
72
72
74
75
76
75
73
73
74
78
83
83
79
74
74
77
80
82
82
79
75
73
75
79
79
77
75
75
75
77
82
82
79
76
76
76
75
75
73
71
73
76
81
84
85
79
72
71
76
80
83
85
82
79
80
83
83
84
85
84
84
85
83
78
75
73
72
73
73
74
73
74
72
71
74
77
79
81
82
79
77
79
76
72
71
71
67
67
76
77
76
77
79
75
74
82
81
78
79
79
75
74
81
80
76
81
84
80
78
81
78
71
71
72
69
72
77
77
73
75
75
70
72
75
74
71
77
78
75
75
75
73
68
73
75
76
76
75
73
70
72
73
75
76
74
74
74
73
72
73
71
66
68
75
76
76
80
78
71
68
72
71
69
75
78
73
72
73
69
68
73
77
78
80
83
79
77
77
76
73
75
78
76
76
78
75
73
78
82
80
78
78
76
73
75
75
74
76
78
78
75
75
73
69
68
73
77
78
80
80
77
72
73
74
73
74
77
79
79
80
80
78
75
75
75
76
76
77
77
78
77
78
81
83
83
81
81
81
82
84
84
82
77
73
71
73
77
80
82
82
81
78
77
74
72
73
72
73
74
78
79
79
80
80
78
76
77
77
75
75
74
71
70
74
77
77
78
78
76
73
74
72
70
71
74
77
81
84
83
83
84
82
81
81
80
77
78
82
82
83
84
83
81
82
84
82
81
80
75
71
72
73
71
75
77
77
76
79
79
75
75
73
68
65
70
71
71
76
76
72
70
74
72
68
72
74
69
70
76
74
69
74
75
71
71
77
74
69
73
75
70
70
76
76
74
79
82
77
78
79
74
70
73
73
70
74
79
77
75
78
80
77
80
80
73
68
69
70
67
