52
53
59
56
58
65
69
65
63
69
64
62
66
67
62
61
67
68
69
73
72
68
68
71
72
77
80
79
76
76
75
74
78
80
76
75
76
74
73
77
78
75
78
83
81
80
80
76
71
72
78
75
76
78
75
72
73
79
76
75
77
76
71
71
75
74
73
75
75
72
72
77
77
74
74
72
70
69
73
75
74
75
77
77
77
78
78
75
74
75
75
74
75
77
73
70
69
69
70
71
73
74
74
75
76
77
77
78
77
75
74
74
76
78
80
81
81
80
79
79
78
77
77
77
76
74
74
74
74
72
72
70
68
69
71
72
75
77
77
74
71
70
68
68
71
74
73
72
73
69
67
69
70
68
69
72
73
73
76
77
75
73
74
75
74
78
81
80
78
77
75
74
78
81
80
78
77
75
74
78
80
78
76
75
70
70
77
81
82
83
84
78
76
78
78
77
78
80
77
77
81
81
78
76
77
75
75
78
78
77
78
81
81
82
83
81
77
74
74
73
74
76
76
76
76
75
72
72
74
73
72
74
79
80
80
81
79
75
73
76
79
80
82
82
80
76
74
75
77
78
78
80
80
79
83
84
85
84
84
84
84
84
84
83
83
84
83
82
79
76
73
71
73
74
76
76
74
71
73
77
79
81
82
81
79
81
86
87
87
88
87
86
83
76
71
71
72
72
74
76
76
75
74
74
73
71
71
72
75
77
80
82
82
82
80
78
75
71
69
69
69
68
70
70
70
70
72
73
74
76
76
76
79
82
85
87
90
87
84
84
83
83
82
81
81
81
80
79
79
82
82
81
