54
52
50
54
55
53
57
60
60
57
58
56
53
54
53
53
53
56
58
58
61
63
66
68
70
71
71
73
73
71
68
65
64
65
72
77
77
75
72
70
68
72
76
77
78
78
74
71
75
77
76
76
77
72
66
68
71
71
71
71
71
67
69
71
72
73
75
75
72
72
73
71
70
69
70
69
71
74
77
78
77
76
70
67
68
69
71
74
76
72
68
70
73
75
76
78
74
69
67
69
71
72
73
70
65
64
66
68
68
68
70
71
74
78
82
81
75
72
68
63
64
69
69
63
67
74
73
76
79
76
67
67
73
72
72
74
73
66
67
74
73
73
76
74
66
66
73
71
70
72
69
64
69
78
75
71
72
69
64
65
74
74
69
68
66
61
61
70
72
68
68
68
67
71
79
79
75
73
72
68
68
73
74
71
71
73
71
72
77
77
75
75
75
71
67
68
69
69
74
80
83
84
84
81
77
73
71
69
68
68
71
72
73
74
74
73
70
68
65
66
68
69
73
74
78
82
85
85
83
82
80
78
76
74
75
73
72
72
73
70
67
73
75
74
76
79
74
68
71
73
71
77
83
83
78
80
85
84
86
89
85
77
77
76
70
72
75
69
64
66
68
65
71
79
77
74
77
78
73
75
82
81
79
81
83
84
84
88
86
81
76
71
69
67
70
73
73
73
70
73
72
71
73
75
74
71
74
76
76
77
79
77
75
78
79
77
78
77
74
72
72
73
73
75
76
73
73
76
76
76
77
78
73
73
76
73
70
72
76
74
78
83
81
75
76
79
75
76
82
81
75
75
78
74
75
81
81
77
78
82
76
74
75
72
69
73
81
82
81
82
79
76
76
77
74
72
75
71
66
66
68
70
73
77
75
72
71
69
68
70
72
72
72
72
71
71
71
71
72
75
76
76
78
81
81
79
79
78
75
75
78
80
80
81
81
80
79
78
79
78
78
79
80
79
75
74
76
76
77
81
81
76
73
73
71
69
72
76
76
77
77
75
73
73
74
75
75
75
72
71
71
71
72
75
78
76
75
78
77
74
77
78
75
72
73
71
67
71
76
75
72
72
71
67
67
72
75
77
78
76
74
73
73
75
78
80
77
75
77
75
75
76
75
71
68
69
71
70
72
75
72
69
67
68
69
70
76
79
79
77
73
70
70
72
75
78
81
79
76
75
75
71
71
74
78
78
77
78
75
75
77
77
75
76
78
78
76
76
75
74
76
77
77
78
80
77
73
73
72
70
72
76
78
75
77
77
72
70
69
68
65
69
72
73
74
76
77
73
72
73
74
75
76
76
72
69
69
71
73
74
77
77
77
77
78
78
75
73
71
69
70
72
75
77
82
85
85
85
85
85
84
83
79
73
70
69
70
73
75
75
71
69
66
65
67
71
73
73
73
71
70
70
71
71
70
70
71
71
74
76
75
73
72
69
68
69
71
71
70
71
71
72
73
73
73
73
73
74
74
76
78
80
82
82
83
81
79
78
76
73
72
74
74
74
75
74
70
69
72
73
74
76
75
72
69
67
66
67
71
73
75
76
76
71
70
70
69
67
71
73
69
70
