51
55
58
55
54
65
65
62
63
63
58
56
65
70
66
65
66
65
64
70
81
77
72
72
74
72
70
78
78
71
74
81
79
74
74
77
66
70
81
81
79
77
79
74
74
83
85
82
76
71
70
66
72
77
80
77
72
74
74
70
73
76
74
70
71
78
73
74
77
77
74
70
74
72
68
73
75
76
73
72
77
71
73
80
83
80
75
80
80
75
77
80
78
74
72
78
74
77
81
77
70
65
69
71
69
74
75
74
69
66
72
71
70
73
78
77
73
74
77
70
70
74
75
71
67
70
68
67
71
75
76
75
76
75
71
72
76
77
73
71
74
74
75
78
79
77
77
81
77
74
79
80
76
72
75
73
70
75
75
71
68
72
71
65
72
76
75
71
71
70
65
70
74
75
76
76
73
69
70
72
74
74
72
70
71
73
75
77
77
75
76
77
75
74
73
71
68
71
77
82
85
84
81
77
78
80
84
89
89
85
81
81
81
82
85
85
80
77
81
80
78
79
80
76
74
80
79
76
77
78
75
71
77
81
81
83
84
80
74
79
82
82
83
84
79
70
71
74
71
71
75
76
71
73
78
77
74
77
79
74
75
80
82
81
83
83
76
76
78
77
77
81
82
77
76
76
73
75
82
86
83
84
84
80
81
85
86
84
87
85
78
76
79
78
74
79
80
73
71
74
72
65
69
72
71
74
81
84
81
82
81
77
77
79
79
77
78
79
76
75
77
77
76
76
75
73
73
73
75
79
82
82
83
86
82
77
77
74
68
68
75
75
72
78
80
76
78
85
87
82
85
88
82
81
85
84
80
81
81
80
81
82
77
70
71
69
70
77
82
78
73
76
72
69
77
83
80
74
72
65
62
69
76
74
71
73
67
64
71
77
75
73
77
73
70
72
73
69
66
71
73
78
84
85
79
74
73
71
72
76
77
75
73
72
71
71
74
78
78
76
76
73
68
67
69
69
69
73
76
75
73
73
74
74
79
82
77
73
70
67
65
70
77
78
77
75
73
70
74
76
74
75
78
79
78
80
79
71
66
66
67
67
74
78
74
70
71
70
70
76
77
69
63
65
69
71
78
84
80
73
72
72
71
70
75
78
77
78
79
79
72
69
71
70
74
77
77
76
75
75
73
74
75
72
69
71
73
72
74
76
71
64
67
72
72
74
78
75
68
69
75
72
72
76
75
67
64
70
74
75
81
82
75
69
70
70
73
79
80
76
73
74
70
67
68
66
66
70
78
80
78
78
75
72
70
72
71
73
76
74
71
71
74
74
76
79
77
71
71
74
72
71
75
77
74
75
78
77
74
76
77
73
70
74
74
73
75
76
72
71
76
77
76
77
75
67
63
67
68
70
77
80
77
77
79
75
71
73
74
72
72
72
69
68
72
74
73
76
77
74
72
77
78
76
79
80
76
72
73
71
66
68
71
69
66
68
70
68
69
70
70
69
70
72
74
74
72
71
72
72
73
76
77
74
72
71
71
71
73
74
73
77
79
74
70
69
68
64
69
76
77
72
70
70
67
70
75
78
76
72
71
68
68
70
72
73
74
74
74
