53
55
51
51
58
62
62
66
67
63
62
62
61
60
62
62
63
67
70
71
71
72
69
67
69
70
70
72
74
73
74
76
76
73
71
70
69
71
75
77
74
74
72
69
70
72
75
74
74
71
70
71
70
71
71
72
70
71
72
73
77
78
78
75
73
72
69
71
73
74
73
74
73
70
72
72
69
67
67
65
61
64
66
61
61
61
59
57
62
65
61
61
62
61
58
62
63
58
58
60
59
56
60
65
60
60
63
62
56
58
62
58
58
65
70
67
68
74
70
65
69
73
68
66
70
67
66
70
73
68
65
67
63
65
73
79
75
72
76
70
67
73
76
70
67
74
69
66
75
78
71
67
73
70
66
75
78
72
70
77
73
68
76
81
74
69
76
74
69
75
79
72
66
70
68
64
71
73
68
66
72
71
68
74
76
70
66
69
68
67
75
78
72
68
71
70
68
74
77
71
67
73
74
70
74
75
71
67
73
77
78
83
83
78
72
74
74
73
75
74
69
68
71
74
76
80
78
74
73
74
72
70
71
68
65
66
70
70
71
75
75
73
76
78
76
75
77
75
71
71
72
72
72
76
75
71
70
71
70
68
70
70
69
72
77
80
80
81
79
78
76
75
73
71
70
70
70
71
74
76
75
74
72
71
72
75
76
76
76
76
77
78
81
81
79
78
75
75
76
80
80
78
75
70
67
69
74
77
78
78
76
77
79
81
79
78
76
75
75
75
77
77
77
77
76
73
72
72
73
75
77
80
82
78
76
76
73
69
71
77
76
74
77
77
71
70
77
75
71
79
83
80
80
86
83
78
86
88
81
77
83
79
73
78
81
74
72
76
72
67
74
77
73
75
83
80
75
80
80
72
72
79
77
72
77
77
70
70
76
73
68
74
76
71
72
77
75
71
76
77
72
72
79
79
77
83
87
87
86
85
80
79
84
80
73
74
72
65
66
71
70
70
78
81
77
76
81
76
70
75
76
70
68
76
75
71
77
78
71
69
76
76
75
81
82
76
72
77
75
71
74
74
70
68
74
73
71
75
77
73
71
74
72
71
77
78
74
71
73
68
65
70
72
70
72
78
76
73
74
71
64
66
73
72
75
82
81
75
74
78
74
74
79
78
73
72
75
72
74
80
78
76
78
82
78
79
81
76
71
73
74
70
73
77
72
66
69
70
66
69
75
71
67
71
72
66
67
71
71
70
76
79
76
75
75
70
67
67
70
71
73
76
74
72
71
72
70
70
70
68
68
69
72
74
73
73
70
69
69
71
73
76
78
77
75
73
71
71
71
72
74
77
81
81
79
76
73
71
70
73
76
77
76
75
73
71
74
75
73
70
69
68
68
71
74
75
76
76
74
72
71
69
70
71
71
68
67
70
70
71
74
76
73
71
72
71
70
72
75
75
76
80
79
76
75
74
70
67
69
68
67
68
69
67
67
70
71
72
77
79
75
71
69
68
69
73
76
74
72
69
65
67
72
74
74
75
72
69
71
74
74
73
73
70
67
71
75
77
77
78
73
68
70
70
67
64
64
63
65
71
74
74
75
76
74
72
75
77
73
72
72
73
