51
53
52
52
56
66
64
64
64
60
55
54
58
54
56
60
63
64
67
71
67
66
67
66
63
64
69
69
72
74
74
70
71
73
73
74
74
74
72
73
77
80
80
77
74
68
65
68
74
76
77
78
75
71
72
76
77
77
76
73
70
71
74
75
74
72
70
69
73
77
82
83
81
78
76
76
75
78
80
78
77
77
77
76
78
79
77
76
77
77
76
76
74
71
70
73
76
76
76
75
71
67
64
67
70
71
73
74
73
69
71
74
71
71
75
75
71
69
71
67
64
69
74
72
71
72
71
70
73
74
71
70
68
69
73
76
76
75
73
71
67
69
74
74
74
73
71
69
70
75
75
73
73
71
70
72
75
74
71
70
71
72
75
78
75
71
69
69
70
73
74
71
68
67
69
71
73
72
70
71
69
69
71
74
74
73
74
72
72
75
79
81
78
76
73
70
71
74
74
72
71
73
73
72
71
70
70
72
76
81
82
79
76
73
72
74
78
80
79
77
74
73
74
78
80
82
85
82
80
80
79
76
73
74
73
72
74
76
74
71
76
82
82
86
86
81
72
67
70
70
73
79
79
76
75
79
80
82
88
87
81
75
73
71
64
69
73
73
70
73
79
75
77
80
80
77
73
76
75
71
73
74
71
65
66
71
67
69
73
74
70
70
78
78
79
85
89
85
79
81
78
75
77
82
83
79
80
79
73
76
79
79
78
81
86
80
79
79
75
69
69
74
70
70
77
83
83
83
83
84
86
88
85
81
81
79
75
70
70
70
68
70
73
75
74
74
75
71
70
72
74
73
70
74
73
73
77
79
78
76
81
81
78
79
81
80
77
78
79
75
78
79
76
73
78
81
80
82
82
78
72
71
72
69
72
74
72
67
65
68
66
69
74
74
72
73
78
76
74
74
75
73
72
77
78
80
81
82
81
78
80
80
79
80
80
78
77
79
79
78
78
78
76
75
79
81
79
82
83
80
75
78
79
74
75
78
76
73
75
80
79
77
78
75
69
68
72
72
71
75
76
73
72
76
78
77
80
80
75
72
71
69
69
73
76
77
76
75
71
70
72
73
74
75
74
71
68
69
68
72
77
80
79
76
78
78
77
80
85
84
82
82
79
76
76
78
76
74
77
79
78
77
78
75
73
75
77
79
80
80
76
72
71
70
71
72
74
70
67
69
72
73
76
79
78
75
75
74
72
70
70
70
71
75
79
81
81
83
81
77
76
77
75
73
73
74
72
74
75
75
73
73
72
69
71
73
74
74
75
78
78
78
77
75
73
74
76
77
78
76
73
69
67
70
75
76
78
77
73
70
67
67
70
74
77
77
77
76
74
73
72
69
66
66
67
68
70
72
74
76
78
75
73
73
73
72
70
70
71
72
76
79
79
79
82
83
86
86
83
77
73
70
71
75
79
79
76
74
73
73
76
79
79
78
77
74
74
75
76
74
75
75
73
74
76
76
74
75
76
73
74
76
75
72
73
76
75
75
76
74
71
71
73
72
73
75
75
74
73
74
74
76
79
79
75
69
65
63
64
69
71
71
69
69
68
70
76
79
78
74
73
70
