50
53
53
52
51
53
55
54
58
59
59
59
58
56
52
56
59
63
66
70
73
69
68
68
67
66
66
70
69
67
67
67
68
69
74
76
74
71
72
70
65
64
65
64
62
65
70
69
71
74
75
70
73
75
72
69
66
65
56
59
65
69
73
75
80
71
67
70
70
69
66
70
67
65
69
70
69
66
71
71
68
73
74
71
66
67
68
66
67
69
69
66
67
69
67
68
72
73
68
67
70
73
73
73
75
71
68
70
69
68
67
66
63
63
68
69
70
69
70
68
67
70
71
71
68
66
63
62
65
64
68
70
72
69
68
69
65
71
73
74
73
74
74
67
68
70
71
69
68
70
66
68
74
74
71
72
73
66
67
75
76
75
75
77
70
67
71
71
70
71
73
68
68
72
71
68
68
68
63
65
75
75
72
71
71
67
66
75
76
73
71
70
65
62
69
72
73
75
75
70
65
71
72
72
76
80
79
76
81
81
79
81
85
82
77
78
75
73
75
81
78
70
72
72
69
70
76
77
71
72
71
66
63
66
65
60
63
69
71
71
77
78
74
74
75
73
70
72
72
71
77
84
86
87
87
86
84
83
78
71
74
79
82
78
75
68
63
67
71
71
68
69
69
69
76
82
82
82
81
80
80
80
82
80
75
79
84
85
78
75
77
78
85
89
87
80
76
71
70
79
83
81
76
75
74
74
83
87
84
78
78
75
74
80
79
74
70
73
75
75
81
82
75
69
71
73
72
74
75
71
66
69
73
75
75
75
75
73
77
82
86
87
85
80
79
84
84
81
81
83
83
82
81
76
74
77
77
76
77
79
78
78
78
71
68
70
72
72
78
85
83
81
82
84
84
83
82
81
79
82
84
86
87
86
79
73
73
73
