54
51
55
56
51
59
64
61
56
55
56
51
56
62
63
61
61
65
63
65
69
69
66
61
63
65
67
74
79
78
72
68
68
66
65
70
73
71
70
74
74
71
74
75
71
68
71
76
75
76
78
76
73
72
71
74
75
76
76
76
74
71
75
76
76
75
76
74
69
71
73
70
68
69
68
63
65
72
73
74
80
81
74
70
74
73
70
75
79
77
75
76
76
72
71
73
71
71
72
72
70
68
69
71
73
74
72
70
68
66
68
72
74
72
71
71
67
66
69
71
69
69
71
69
71
75
76
72
69
72
70
70
78
82
78
73
76
75
69
73
77
74
69
72
73
69
74
80
79
76
77
76
71
71
72
69
64
67
69
68
71
74
72
70
75
76
75
78
78
74
71
73
70
66
69
71
69
68
72
71
66
70
72
68
67
72
73
71
74
76
73
72
75
74
70
71
74
73
72
78
81
75
75
77
76
70
71
78
78
80
84
86
80
75
76
73
71
75
78
75
73
74
71
68
70
74
73
72
75
75
77
83
87
86
85
84
83
83
85
82
79
82
86
83
79
82
80
77
81
80
76
74
79
79
76
82
86
80
76
82
81
77
80
82
79
76
81
82
78
79
77
71
69
74
76
76
81
80
75
73
76
75
72
75
74
70
70
74
77
76
80
83
82
82
83
78
74
76
77
75
75
75
71
66
69
75
79
82
85
85
81
80
84
85
85
84
83
82
82
81
81
81
81
79
79
82
82
78
74
72
70
70
74
75
74
71
71
73
74
79
81
79
76
78
79
81
85
85
82
76
76
76
76
79
79
75
69
70
69
70
74
78
78
77
80
81
79
79
79
77
73
74
76
74
75
77
77
75
78
80
79
81
82
84
85
86
86
84
84
82
75
73
75
75
72
73
74
68
67
68
68
65
69
71
69
70
75
76
73
76
76
72
71
73
70
67
71
72
70
72
74
74
72
77
79
80
83
85
86
88
89
88
87
86
85
84
85
83
80
81
