51
50
53
53
56
64
68
64
62
65
63
62
66
66
64
62
64
62
64
69
71
72
73
73
68
67
70
71
72
76
79
75
75
76
73
71
74
79
78
79
81
78
73
71
72
71
72
73
73
71
72
74
73
74
76
75
70
68
70
69
71
76
78
74
70
70
66
64
69
74
73
73
75
71
65
66
67
64
62
67
68
68
73
79
77
74
75
74
70
70
73
73
73
73
71
71
70
72
72
73
74
72
74
74
73
70
69
70
66
67
74
76
72
74
79
75
72
76
76
71
70
73
71
70
74
76
72
71
73
71
70
73
74
71
73
76
73
72
73
72
70
73
77
76
77
78
74
69
70
72
73
75
76
73
69
70
72
73
75
75
74
73
74
76
78
80
79
77
77
79
79
79
81
80
75
74
77
76
74
75
73
70
71
75
76
77
79
80
78
78
79
78
78
78
77
75
75
78
77
76
80
80
79
80
83
81
78
79
80
77
76
80
80
76
74
74
74
73
79
81
79
77
76
73
72
75
75
74
73
73
70
71
77
79
79
80
80
74
72
77
77
76
80
85
82
80
82
83
81
82
88
89
89
88
88
88
88
88
89
89
90
90
89
88
85
80
78
75
71
75
81
81
79
80
80
76
77
80
80
80
81
83
83
86
87
88
89
88
86
84
80
79
79
78
75
