53
53
50
52
58
60
61
64
62
56
53
55
54
55
59
59
57
59
67
71
73
77
77
73
71
74
74
72
72
72
70
72
78
81
79
79
78
75
77
79
78
76
75
72
70
75
78
77
77
78
73
70
73
73
71
72
76
74
72
75
73
70
72
75
73
75
79
76
70
71
74
71
75
79
77
73
74
75
67
66
68
66
64
67
74
74
76
78
77
74
73
74
74
75
76
75
74
74
74
74
76
75
75
74
73
72
71
73
72
71
73
73
74
74
77
78
77
77
78
77
76
75
74
74
72
72
74
76
75
72
73
72
73
75
77
75
72
72
71
69
72
73
73
72
72
72
72
72
74
74
73
72
72
73
72
72
71
70
69
69
72
77
80
81
80
78
76
76
76
78
79
78
78
79
79
80
83
84
82
81
80
76
74
76
77
76
77
79
77
75
75
75
72
73
76
74
75
78
79
78
79
80
76
74
78
80
78
77
77
72
73
80
83
84
86
86
82
79
78
76
73
74
76
74
77
81
81
80
81
82
80
82
84
83
79
77
74
71
71
74
75
76
79
81
81
82
82
80
79
82
83
83
84
84
85
86
87
88
84
82
81
78
76
78
80
80
83
88
88
87
86
84
82
83
87
89
89
89
87
85
85
85
83
82
80
77
76
76
77
75
75
74
71
71
75
79
82
86
88
87
86
86
84
80
79
80
80
82
83
82
79
77
76
76
79
80
79
78
78
79
81
83
83
80
77
77
76
78
80
80
78
77
78
78
78
79
79
79
80
83
84
84
82
78
77
78
82
86
88
85
81
79
76
73
75
76
75
75
75
75
74
76
77
75
74
78
79
80
83
83
77
73
74
75
76
79
81
78
76
77
76
77
78
76
71
69
71
73
76
77
75
71
70
71
71
74
77
79
79
79
80
80
81
78
75
74
75
78
81
81
77
72
72
73
76
81
85
85
82
81
79
77
79
80
79
79
81
80
80
81
81
78
76
78
78
78
79
79
75
73
76
77
79
80
80
77
75
75
74
74
74
74
74
77
82
83
81
79
76
72
71
75
77
77
78
77
73
71
74
75
74
75
75
73
72
74
73
70
70
72
72
76
82
85
84
83
80
76
75
77
76
77
81
83
81
83
85
82
81
82
83
81
83
85
81
76
77
76
75
79
83
80
79
81
78
75
77
77
73
72
73
72
71
73
74
72
74
77
76
75
77
78
77
78
78
76
75
76
77
78
81
84
82
81
81
79
78
79
80
78
76
74
71
69
70
71
71
71
71
68
69
71
74
77
81
84
85
84
81
77
74
72
72
73
77
78
78
78
78
77
78
84
88
88
87
85
80
75
74
72
70
72
75
76
78
78
74
70
71
73
76
81
82
79
73
71
70
70
73
74
73
73
75
76
78
82
84
85
86
87
84
82
83
83
80
80
79
77
76
78
78
77
78
79
80
83
86
84
77
72
69
68
70
75
76
74
72
68
65
66
70
73
73
72
69
66
65
67
68
68
71
72
72
72
73
73
73
76
77
76
75
75
74
75
76
77
77
79
80
80
80
82
83
83
84
84
82
81
79
77
73
72
73
