53
51
50
53
55
56
60
64
62
61
62
61
56
57
58
56
57
62
64
63
68
73
71
70
74
74
69
72
77
74
73
78
77
70
69
73
69
69
77
79
74
75
78
71
69
74
74
69
71
76
72
72
77
76
72
71
74
70
68
75
77
75
74
77
73
70
74
75
75
74
76
75
71
74
75
75
73
75
76
71
72
72
71
67
68
71
68
70
71
72
70
70
76
74
77
78
77
72
70
72
68
70
74
76
71
70
72
68
67
70
71
68
67
69
66
66
71
75
73
73
76
73
68
71
72
69
67
69
69
66
71
72
70
70
72
75
71
74
76
74
72
72
75
73
76
78
78
77
75
78
75
75
77
76
75
73
79
80
80
82
80
77
72
76
78
78
79
78
75
68
69
70
68
70
72
72
69
72
74
72
74
76
76
71
71
74
72
71
74
73
68
69
71
68
69
74
76
73
75
77
72
71
73
72
67
70
74
71
74
80
81
80
86
90
89
87
86
83
82
80
82
80
76
78
78
73
72
75
74
71
75
78
75
77
82
81
79
81
81
78
80
82
80
79
82
81
76
78
81
77
76
81
79
74
74
78
74
73
78
80
79
80
82
79
76
79
79
75
74
74
71
69
73
75
75
75
75
73
73
74
75
75
78
79
79
81
81
79
77
77
75
72
75
76
74
74
76
76
76
79
80
79
81
84
85
85
84
82
81
82
79
75
73
