51
52
51
50
57
64
65
68
69
66
61
62
63
60
63
66
63
57
61
66
66
72
78
78
73
73
72
67
69
75
79
78
79
78
72
72
75
77
77
81
84
81
79
78
77
75
77
79
76
75
75
74
71
72
75
75
74
74
74
72
72
74
73
69
67
66
66
69
71
72
72
72
72
72
73
72
70
67
66
64
63
65
66
65
62
61
59
57
58
60
59
58
61
63
65
65
66
62
57
57
58
59
63
65
62
59
63
65
66
69
70
66
63
65
67
70
73
75
71
68
70
73
74
74
76
75
73
74
75
73
70
69
67
66
69
70
72
72
75
74
72
74
75
74
72
72
72
72
73
74
74
72
73
76
75
76
76
75
72
71
72
71
72
72
71
70
72
74
71
71
72
70
67
70
74
73
73
76
75
72
74
80
81
80
82
80
74
74
77
77
76
78
78
75
75
75
73
70
70
70
70
71
72
71
70
72
73
74
76
75
70
67
69
71
73
77
78
78
77
78
78
79
82
83
82
81
81
80
81
83
83
83
83
82
79
79
79
77
76
76
74
72
73
72
72
73
76
76
72
72
73
71
72
74
74
71
72
72
70
74
76
76
76
77
76
73
74
74
71
69
72
73
72
75
76
74
72
75
76
75
77
78
76
73
73
73
72
75
77
78
78
82
84
82
82
81
78
75
77
78
78
81
84
84
83
83
81
78
78
78
76
76
77
75
73
73
72
71
72
75
77
79
81
80
77
74
73
70
71
74
76
76
78
79
77
77
79
80
81
85
88
88
86
82
76
71
71
74
75
75
73
70
69
72
76
79
80
80
80
80
84
85
86
87
88
88
89
90
90
89
89
88
86
82
78
76
75
76
74
71
71
71
70
71
74
75
76
80
83
82
81
83
82
79
81
83
83
80
78
75
72
71
72
73
72
73
72
72
72
71
69
69
72
73
74
76
76
76
80
84
85
86
86
86
88
89
86
81
79
80
79
80
82
80
76
75
78
80
83
86
85
80
75
73
72
73
77
77
74
72
73
74
76
81
85
82
79
77
74
73
74
76
73
70
69
70
71
74
76
75
74
74
74
75
76
75
72
71
72
74
77
80
81
78
76
76
76
78
80
80
77
76
77
79
80
83
85
83
82
80
78
75
75
76
74
74
75
75
75
76
77
76
76
77
76
74
75
75
73
73
72
70
68
71
74
73
77
77
74
68
69
69
67
72
75
74
68
68
68
66
70
74
73
70
73
74
72
74
74
71
68
71
72
70
72
73
71
70
74
75
75
79
79
74
71
72
70
68
70
69
67
68
71
71
72
75
73
69
71
73
73
73
75
72
69
70
71
71
74
75
73
74
76
75
76
80
81
77
76
76
71
71
74
74
73
75
75
71
71
73
74
74
79
81
77
76
76
73
71
75
77
76
78
79
76
74
78
78
77
77
78
77
75
78
78
77
75
75
73
72
74
76
76
74
71
70
71
73
76
78
78
76
76
78
78
76
76
75
73
71
74
77
76
77
77
75
72
73
73
71
70
71
70
70
74
77
79
78
78
78
78
78
76
76
74
71
71
75
77
76
76
77
74
73
79
82
80
80
81
75
