56
50
53
55
54
51
63
70
65
70
72
68
58
63
68
57
62
67
67
61
61
72
61
64
74
76
69
65
71
61
57
66
71
70
68
73
67
67
71
74
74
73
77
67
68
74
74
75
77
80
72
68
76
77
70
75
81
76
70
75
76
67
67
75
73
72
76
74
69
71
74
73
73
77
76
67
71
76
70
70
75
77
68
64
72
68
64
70
75
71
68
73
71
69
71
75
74
72
78
75
72
72
69
67
64
70
69
68
72
73
73
69
75
74
71
74
73
70
68
73
75
72
75
73
68
63
64
67
69
75
73
70
70
69
69
71
76
71
67
72
72
71
75
82
77
69
72
74
67
69
77
74
67
73
79
72
72
82
80
71
72
80
73
68
77
80
72
70
75
77
71
76
78
72
70
71
72
71
75
77
74
73
74
72
71
76
76
70
68
69
68
70
77
80
77
76
78
74
68
71
72
68
67
71
72
71
75
76
73
73
78
79
78
80
81
82
83
84
84
83
83
85
83
79
80
80
80
79
81
81
79
81
82
83
83
83
80
78
81
81
81
83
87
85
79
81
82
81
79
79
78
73
75
80
81
78
75
80
74
75
83
88
84
78
84
80
74
79
84
82
76
82
84
74
76
82
81
74
77
80
75
78
83
81
77
80
81
73
79
85
80
75
80
83
74
79
86
82
76
81
84
74
77
82
77
72
80
86
76
79
83
85
85
84
76
70
75
81
73
75
79
70
60
64
68
62
65
70
63
57
62
67
62
65
70
63
56
63
69
68
74
79
74
66
70
74
72
76
79
75
70
73
76
76
82
83
77
73
75
77
74
78
81
77
73
76
78
76
75
77
76
71
71
74
77
78
76
72
69
67
68
73
77
77
73
71
69
66
68
72
75
77
76
74
74
74
74
75
74
73
69
67
68
70
71
71
71
66
65
70
75
78
76
76
73
68
70
73
72
68
69
69
66
69
74
74
72
73
74
71
71
76
77
74
75
78
76
75
80
79
75
75
76
72
71
76
76
71
68
68
67
67
72
73
71
75
78
77
73
72
68
63
65
69
71
73
77
77
75
73
71
70
72
75
74
76
77
78
77
78
78
74
73
72
72
72
73
74
71
70
70
68
69
71
74
74
75
75
72
72
75
78
79
80
80
77
76
78
81
82
81
77
74
73
74
78
79
78
75
74
77
78
80
80
78
72
66
69
70
69
70
71
69
66
70
73
72
73
75
73
67
71
73
70
70
74
73
69
75
78
74
73
77
78
76
84
89
90
88
86
80
79
81
78
70
75
76
69
70
76
76
69
73
78
70
68
74
75
70
72
77
69
66
73
74
70
71
76
73
71
77
80
77
75
76
70
69
72
74
74
74
75
68
66
73
71
69
72
75
72
70
78
85
83
84
85
80
74
71
72
74
75
77
77
75
72
70
76
76
72
76
80
77
74
76
76
71
71
76
75
75
79
78
74
73
74
72
74
74
71
69
70
69
65
70
73
70
69
73
73
67
71
74
68
66
72
73
67
68
70
65
64
70
72
72
77
81
78
74
76
74
71
72
73
72
74
76
75
74
74
71
66
71
78
76
75
78
77
74
