51
54
59
53
51
58
57
53
54
59
58
55
63
62
61
63
66
67
64
66
64
61
62
61
60
63
65
63
63
67
67
66
71
74
69
68
68
65
62
67
74
77
79
82
79
73
69
70
70
70
73
74
73
72
71
73
74
76
75
74
73
69
69
69
72
74
75
76
73
70
72
73
74
75
72
67
66
66
67
74
79
77
69
65
66
65
71
79
83
77
68
68
71
71
76
80
76
67
64
67
68
73
78
76
70
67
65
65
69
70
70
67
67
67
68
74
77
76
72
70
69
65
67
71
72
70
68
69
68
69
74
77
75
70
68
64
63
68
73
73
70
69
68
64
65
69
71
70
69
70
66
67
71
71
69
68
72
69
69
73
75
74
72
76
78
77
78
80
81
79
78
79
78
76
76
78
80
77
78
77
73
70
74
78
75
77
79
77
74
76
80
75
73
76
75
68
69
74
73
73
79
82
78
77
84
83
80
83
85
81
74
77
78
73
75
77
76
73
77
79
75
78
80
77
72
74
78
72
76
80
76
71
75
80
75
78
85
83
76
77
81
75
74
81
82
77
77
82
78
78
86
89
87
85
86
82
78
83
87
86
85
83
80
78
81
83
85
86
87
88
88
89
89
89
88
87
88
88
85
84
85
83
75
75
79
77
76
80
82
79
79
84
85
83
84
84
79
77
77
77
75
76
80
75
73
78
81
81
83
87
82
78
81
82
78
75
79
75
70
74
76
74
73
79
78
76
81
82
78
79
87
89
89
87
82
83
87
82
75
