54
62
58
51
60
69
69
69
74
77
67
66
71
70
68
71
71
66
69
73
73
72
76
76
69
71
75
71
68
73
76
69
69
76
72
68
71
75
69
65
71
72
69
74
81
77
72
74
77
72
72
78
77
75
77
78
78
74
76
75
73
76
75
75
74
73
71
70
73
71
70
70
76
79
80
82
80
75
73
72
72
72
74
76
75
75
77
80
81
81
78
73
67
66
71
78
81
78
74
71
68
70
73
77
76
72
73
68
65
67
71
71
67
72
72
69
73
78
80
75
74
77
69
70
73
74
68
64
71
67
69
76
79
76
70
72
72
69
72
77
77
75
72
71
68
68
71
74
77
77
79
77
74
73
73
72
68
69
72
71
75
80
82
78
73
75
69
67
72
76
75
72
74
72
67
71
77
78
73
73
75
67
68
75
77
73
70
75
70
69
78
82
80
74
76
76
71
78
83
81
76
75
76
73
77
83
83
78
74
77
78
77
83
86
83
77
73
75
76
77
79
81
79
74
77
79
81
82
82
81
74
73
74
73
75
74
76
74
73
79
77
78
79
76
71
67
73
74
70
75
77
74
72
77
80
74
74
78
76
74
79
85
79
75
76
76
71
73
78
76
75
77
78
78
79
81
77
74
75
75
75
82
87
85
81
82
83
84
84
82
78
79
80
78
75
77
77
75
75
74
71
69
74
77
80
84
87
86
83
81
80
79
82
83
78
75
76
75
70
73
77
77
77
77
77
72
75
79
77
78
79
79
77
80
84
75
73
78
79
76
82
89
82
76
79
77
69
70
77
76
72
76
80
78
79
82
81
76
76
79
79
79
80
81
78
76
76
77
77
75
77
77
78
80
81
81
78
76
75
71
71
73
75
73
75
80
78
77
77
77
73
74
82
83
85
86
85
84
83
82
78
75
79
78
78
79
79
78
76
79
77
76
77
75
73
74
79
78
79
79
74
68
66
70
71
71
73
73
71
71
75
76
76
77
76
74
76
81
83
83
83
81
75
73
75
75
75
77
78
74
73
77
77
75
78
80
77
75
76
77
76
79
82
78
75
76
76
77
81
83
79
78
81
78
75
80
84
82
79
80
77
70
74
78
75
72
75
78
74
77
82
78
73
72
74
70
70
76
75
73
72
74
75
74
80
80
77
76
74
75
73
77
77
73
74
74
78
81
86
87
83
81
76
73
70
72
73
72
75
77
78
77
78
77
73
75
77
77
78
79
77
71
71
72
72
73
77
77
74
77
79
79
77
77
75
69
69
73
76
77
77
76
71
70
73
76
78
80
79
75
75
76
77
75
74
74
70
72
76
78
76
76
78
75
78
84
84
81
77
76
71
71
77
78
76
73
75
74
75
82
85
84
84
86
83
82
83
80
75
72
74
71
70
73
73
70
70
74
73
72
75
73
69
68
71
72
71
72
69
65
63
65
67
68
73
73
72
69
70
71
71
73
72
71
70
71
75
75
77
78
77
75
73
77
76
73
72
73
72
72
78
77
72
72
76
76
73
78
80
75
74
76
75
70
72
76
71
70
76
78
75
75
79
72
72
76
78
75
73
76
69
68
70
71
69
68
73
69
