50
51
53
52
57
60
63
63
61
59
57
60
60
61
60
59
59
61
68
69
67
63
58
56
57
65
72
72
70
69
67
65
71
78
79
76
76
74
70
72
74
73
70
72
71
69
71
73
71
69
70
68
66
68
71
67
68
72
72
69
70
74
71
74
79
77
71
68
69
66
70
77
76
70
67
69
65
66
74
74
70
68
70
67
68
77
77
73
69
70
70
68
73
71
67
64
68
73
75
80
78
74
69
67
70
68
72
73
72
70
69
73
71
70
72
70
68
64
67
69
68
69
71
71
69
70
74
74
74
72
68
64
64
67
69
73
75
73
71
70
70
70
71
77
75
72
72
71
70
68
73
74
73
72
72
70
67
72
74
71
71
73
74
73
79
83
79
76
74
73
70
73
76
74
70
69
69
67
70
75
76
71
67
67
68
72
76
76
72
71
72
72
74
79
82
79
76
71
65
64
69
73
71
69
69
68
72
79
82
81
83
84
84
85
86
83
75
71
68
66
71
77
77
73
75
75
75
75
76
74
72
76
76
75
75
76
75
74
78
79
80
84
87
83
77
77
74
70
69
69
69
69
74
76
75
75
77
77
78
83
86
84
81
79
77
77
80
82
80
76
74
76
77
78
82
84
79
75
76
76
74
76
79
78
75
78
79
79
80
80
76
73
77
78
79
84
88
86
80
78
76
74
76
78
75
73
76
74
73
75
74
68
65
70
72
75
81
85
80
75
75
73
73
78
83
82
81
83
79
75
77
76
71
72
77
76
75
78
79
74
76
80
78
78
80
80
75
79
82
76
73
74
72
68
75
78
75
76
83
84
80
87
88
81
77
78
75
68
73
76
75
74
75
71
68
75
77
76
78
77
72
69
74
74
75
79
80
73
70
76
76
74
77
77
70
67
73
74
74
78
80
74
73
80
81
82
87
89
82
78
80
78
74
74
75
69
69
73
74
73
76
78
75
76
81
83
81
83
82
75
74
78
80
76
76
76
73
72
74
77
76
78
77
76
78
79
79
78
79
77
76
79
81
80
76
74
70
68
69
72
72
69
68
68
69
69
71
72
70
68
68
72
75
76
75
72
70
66
65
67
70
70
71
72
73
75
74
75
75
77
78
77
79
78
76
72
72
72
72
74
75
75
75
76
73
72
75
74
72
72
76
77
75
76
75
73
72
75
74
73
76
75
74
74
78
75
72
77
78
75
75
78
74
69
72
73
72
75
81
78
72
73
74
72
74
77
75
70
71
70
70
72
75
71
66
70
74
73
74
77
76
72
76
79
78
77
77
76
75
80
82
80
78
76
74
70
73
80
84
85
83
81
77
77
79
80
77
74
74
73
75
77
78
75
71
69
66
67
71
75
75
72
70
66
64
66
69
71
71
76
78
77
77
76
73
69
69
71
72
74
74
72
69
70
72
71
73
77
78
76
77
78
77
78
82
85
83
82
78
75
77
82
85
85
86
82
74
72
75
74
72
72
70
63
62
66
69
69
71
72
69
68
72
73
73
76
76
72
70
72
71
68
69
70
72
75
78
75
68
63
61
63
70
78
81
80
78
73
70
