51
52
62
61
57
59
60
57
54
57
57
55
58
59
58
57
57
57
58
62
66
66
64
63
60
61
65
67
66
65
68
69
71
75
76
76
75
76
73
73
76
76
74
70
70
72
74
79
81
80
77
74
71
68
67
68
68
68
68
67
67
69
71
70
70
71
73
74
75
74
70
68
65
66
70
72
72
69
70
69
69
75
80
77
73
75
75
74
77
78
74
69
70
71
66
68
70
69
66
66
65
63
68
73
70
68
68
70
70
75
77
72
68
65
64
63
69
74
71
69
67
67
69
72
75
75
74
71
70
72
73
74
73
71
67
64
63
63
64
62
63
65
71
74
74
73
70
68
67
66
67
68
71
73
73
72
71
71
73
74
70
70
71
71
69
69
69
68
72
76
76
74
73
71
68
72
76
76
76
77
74
69
72
74
70
68
72
74
68
71
75
74
72
76
79
72
72
76
72
69
75
82
77
77
82
80
73
75
81
77
74
77
79
76
78
86
84
79
78
76
73
72
80
81
81
83
82
79
77
80
78
76
76
75
73
71
75
77
76
75
72
72
72
72
75
78
78
74
74
75
73
73
76
79
76
77
79
74
72
72
73
70
74
84
82
82
86
88
90
90
89
84
81
80
79
80
81
74
72
74
79
80
