52
55
52
52
58
60
57
60
61
56
57
62
63
61
62
65
61
65
67
67
65
64
66
62
65
65
61
57
54
57
57
65
67
63
61
61
64
66
72
72
66
62
61
62
65
72
71
63
58
57
58
61
67
67
62
59
57
55
59
64
66
63
62
59
58
62
64
66
65
66
65
64
67
64
61
59
60
62
61
64
63
58
58
60
62
61
64
64
59
57
59
61
61
62
64
62
67
73
75
73
71
70
66
66
68
67
66
64
65
64
67
69
66
63
61
60
59
63
63
59
56
55
55
56
64
68
70
73
75
73
69
69
66
63
63
66
64
62
64
64
63
65
69
71
70
71
67
66
67
70
70
70
70
69
71
73
78
81
84
87
86
85
82
77
74
72
69
70
73
73
71
70
70
68
70
75
76
72
69
70
69
73
80
83
80
80
82
84
83
82
83
86
83
75
72
75
72
72
76
77
75
77
83
85
86
86
85
85
85
85
81
73
71
75
75
75
78
79
78
79
80
81
85
88
88
87
86
84
81
78
73
71
78
82
84
86
87
88
88
87
84
81
81
81
81
80
81
83
86
86
86
86
85
84
81
78
79
83
87
88
88
88
87
87
88
85
81
83
85
83
79
81
83
82
86
89
90
90
89
88
87
84
84
85
86
86
85
84
87
88
89
90
90
