51
54
55
52
51
62
68
66
67
66
61
55
61
64
58
57
59
57
54
63
75
73
75
76
71
62
63
70
69
71
76
74
68
65
72
72
72
77
79
75
71
75
75
73
73
76
77
73
78
85
82
79
80
76
69
71
77
74
69
72
71
64
65
74
70
65
74
76
71
71
79
72
62
70
73
68
68
76
73
65
73
77
73
72
79
78
74
80
81
78
77
80
77
72
76
77
74
73
75
75
72
75
74
72
70
69
67
66
69
70
70
70
70
71
72
75
74
74
73
70
71
70
72
73
75
73
69
70
73
76
81
87
88
83
80
81
77
76
81
81
75
71
75
71
68
73
74
72
67
76
80
79
82
80
76
66
68
72
69
74
76
76
67
66
75
69
70
72
72
65
65
78
73
71
73
75
68
64
77
76
72
74
76
69
64
75
76
71
71
73
67
63
73
79
75
75
77
74
70
76
83
82
81
83
82
78
80
83
79
73
71
70
68
72
78
77
73
71
71
69
75
85
89
88
84
85
82
81
83
81
75
68
67
67
72
78
81
78
73
71
71
73
75
75
76
75
76
76
76
77
75
74
74
77
79
80
82
81
78
79
79
79
78
78
76
73
76
80
83
83
81
76
73
74
81
88
88
83
77
73
73
74
75
77
77
78
79
79
80
80
76
72
69
69
69
71
75
75
75
76
75
74
75
78
80
83
84
83
83
85
84
80
82
82
77
75
80
83
80
81
80
73
65
66
70
67
70
76
75
70
74
80
78
77
79
78
70
70
74
71
70
72
75
72
73
77
75
73
73
76
73
74
77
75
74
72
73
71
74
79
79
80
82
84
81
83
82
76
74
76
80
78
81
85
79
75
73
74
71
72
75
73
70
69
70
68
69
72
69
64
63
66
68
70
71
69
69
69
72
76
77
76
72
72
69
68
71
74
73
70
73
74
73
78
84
82
78
81
80
75
77
79
76
72
77
78
74
77
80
79
80
85
86
81
80
81
79
80
82
80
76
77
78
78
78
76
71
70
71
73
76
79
79
75
74
72
69
71
77
80
78
79
77
69
68
69
66
60
63
65
62
67
73
70
64
67
69
66
69
76
76
73
75
75
72
75
81
81
79
82
81
76
74
75
72
66
65
64
63
66
74
77
76
75
73
70
69
72
74
75
77
78
78
77
79
80
80
81
77
76
76
76
80
82
80
74
73
74
72
74
78
79
74
72
72
71
71
75
78
76
74
73
71
72
73
74
72
72
74
74
77
82
82
80
78
81
82
82
84
83
79
75
74
74
73
74
74
74
72
70
69
72
76
77
79
80
78
74
72
71
66
65
69
69
68
68
70
71
75
80
81
76
75
73
69
69
74
75
71
69
69
68
71
78
79
75
72
72
70
71
76
78
76
73
71
69
68
72
75
75
75
73
70
70
74
77
79
82
81
78
79
79
77
78
80
77
70
71
73
72
75
81
81
74
72
71
69
70
74
72
68
71
73
72
76
80
78
73
75
80
77
76
79
76
71
68
74
77
72
74
75
74
72
73
77
75
74
75
76
76
73
75
76
74
72
73
73
69
68
