52
58
53
54
61
64
60
61
65
59
57
61
62
59
60
63
60
58
64
66
67
71
75
75
73
73
70
68
70
72
75
76
75
73
73
73
72
75
76
75
75
78
76
73
76
79
77
79
83
81
76
77
79
74
75
80
78
73
74
77
74
74
79
78
72
72
73
70
69
73
73
70
73
76
75
72
75
73
71
73
73
75
75
76
77
80
83
82
79
80
83
76
76
80
80
76
71
73
71
69
73
76
75
71
71
71
73
75
78
78
76
74
72
76
75
75
77
78
76
72
75
77
73
74
76
77
75
76
78
77
76
77
78
76
73
72
72
71
73
76
77
78
76
76
76
73
73
74
74
72
70
74
75
73
73
74
73
69
71
78
79
79
79
76
72
70
74
79
78
80
82
82
82
84
86
84
83
83
82
82
83
83
82
80
78
76
76
76
74
76
81
81
81
84
84
80
77
78
78
75
77
80
81
81
82
81
81
80
78
79
81
83
82
80
77
76
75
77
79
80
80
78
78
77
79
81
82
81
78
76
78
81
82
82
83
79
76
75
77
75
74
76
77
76
76
79
81
80
81
82
82
82
84
83
85
89
89
90
90
90
89
89
89
88
88
87
87
83
81
80
81
81
82
87
88
88
87
85
82
81
80
79
81
84
85
84
84
88
89
89
89
89
89
89
88
87
85
84
82
79
