58
59
60
54
50
54
58
60
67
74
72
68
72
71
68
70
74
70
63
67
66
60
63
68
65
59
63
64
61
66
72
71
68
72
72
64
65
69
69
68
77
80
74
76
77
73
69
75
77
72
74
79
76
72
75
76
72
73
77
75
73
73
75
73
72
74
74
74
72
71
71
69
71
71
70
67
66
67
65
68
72
75
74
73
76
73
71
72
73
72
71
74
74
71
71
73
71
71
76
78
76
74
75
73
69
69
71
69
69
72
73
72
73
74
72
73
77
78
76
75
75
72
71
72
72
70
69
70
68
73
76
75
70
70
70
66
70
74
74
70
70
69
67
72
78
78
71
69
73
69
70
77
80
73
68
71
70
68
76
81
76
71
72
72
70
77
83
80
76
75
70
67
73
77
76
76
75
70
66
72
74
71
73
76
74
71
74
76
73
75
77
74
73
73
72
71
71
69
66
69
70
69
70
73
69
64
71
74
71
70
74
71
65
72
75
73
70
74
76
68
72
77
74
71
72
71
69
68
72
72
73
73
72
77
77
77
77
80
79
71
70
71
70
74
85
89
85
85
86
81
78
82
82
78
77
77
75
72
76
78
78
80
81
78
77
79
78
76
76
76
73
74
79
80
79
77
75
71
71
73
73
73
73
73
70
71
74
74
73
72
75
74
74
75
73
70
69
74
76
78
79
79
75
71
74
75
74
77
80
79
76
79
82
81
80
78
77
76
77
78
75
77
77
70
66
64
64
63
68
68
63
62
63
65
68
77
81
77
79
81
78
75
80
79
69
67
70
65
62
68
69
64
67
75
71
69
76
76
70
71
79
75
68
74
75
71
72
79
79
72
76
78
74
74
78
79
72
76
80
78
78
81
82
78
78
81
76
75
78
79
77
79
82
78
76
77
75
70
69
73
71
70
73
76
73
70
72
72
71
74
75
74
72
75
73
69
70
72
73
76
84
88
85
85
86
87
87
85
81
76
74
75
74
76
78
76
75
76
78
77
77
76
76
78
81
82
83
84
83
83
83
81
77
75
77
75
76
78
75
69
67
69
69
72
77
77
74
74
76
74
72
71
68
65
68
74
75
76
77
73
69
69
71
71
74
74
73
71
74
77
77
79
76
72
70
73
76
78
81
82
82
83
86
87
83
81
78
75
75
78
79
77
78
77
77
80
82
82
81
81
80
76
78
79
77
74
75
77
74
77
79
79
75
75
77
74
76
78
75
70
72
76
75
78
84
84
77
76
77
72
72
75
75
69
70
78
77
75
77
75
68
69
76
77
76
80
82
77
77
79
78
74
76
78
75
74
76
74
70
71
70
66
69
74
74
73
75
77
74
75
78
74
68
71
75
72
73
77
74
67
68
71
68
70
77
77
73
75
81
77
73
76
75
71
74
80
78
76
80
79
75
76
78
76
73
76
78
78
79
78
76
74
74
75
75
75
72
70
68
67
69
71
73
69
68
69
69
72
75
76
71
67
68
68
69
73
77
75
73
75
76
74
75
77
74
70
70
71
71
73
76
74
71
71
73
74
76
79
78
77
78
76
75
76
77
72
69
74
76
76
76
76
72
71
77
