52
54
60
56
61
72
77
68
66
72
65
63
70
75
70
68
76
75
74
79
83
78
70
76
75
71
75
80
77
70
74
78
73
76
81
81
72
73
79
73
73
80
82
75
73
78
74
70
77
83
79
75
78
75
71
77
84
82
79
79
80
75
74
79
78
75
74
73
70
70
76
78
77
76
74
71
74
78
78
79
76
72
72
76
82
85
85
83
79
76
73
74
74
73
72
72
75
76
79
80
78
77
75
75
71
68
67
67
68
68
70
70
70
69
70
74
78
81
78
75
70
68
69
73
76
74
74
73
73
75
79
81
82
82
79
76
75
76
77
76
75
75
75
75
76
77
77
77
77
80
80
79
79
77
73
70
71
72
71
71
72
73
75
80
80
78
78
79
76
74
78
77
76
79
79
73
69
73
74
74
76
78
77
77
82
81
79
79
78
75
72
72
72
70
74
76
75
76
79
78
74
76
80
80
80
85
87
84
81
81
80
78
81
85
84
84
84
81
78
79
82
83
81
81
80
77
77
79
80
80
83
84
83
83
84
82
81
83
81
76
74
74
72
73
78
80
78
79
80
78
78
84
88
89
90
89
87
88
89
90
89
87
82
77
79
79
