54
56
51
51
55
56
57
57
56
52
53
62
66
70
72
72
70
69
74
74
76
77
75
73
73
76
73
72
72
71
72
75
81
80
80
77
72
69
67
68
68
73
74
75
77
79
79
79
83
82
81
80
79
75
72
74
72
73
74
76
75
73
77
77
78
78
78
75
70
69
67
67
68
73
75
75
78
79
78
76
77
79
78
76
75
74
71
74
79
78
75
74
73
70
73
76
76
75
76
75
70
72
76
74
70
68
66
62
67
73
73
71
70
69
66
71
79
79
75
76
75
70
73
76
73
69
70
72
71
77
84
81
75
74
72
68
72
77
74
72
73
73
70
74
79
77
76
78
76
72
73
74
72
70
71
70
66
67
69
71
73
75
74
70
71
70
72
76
79
77
73
74
73
74
79
81
78
73
75
73
73
77
82
81
76
75
75
75
78
81
81
79
81
82
84
86
87
84
79
76
72
71
73
75
77
78
79
76
76
79
80
78
78
79
77
77
81
81
78
76
76
75
74
77
78
79
80
82
80
76
77
78
78
80
82
83
81
79
78
76
74
75
80
83
85
87
84
79
74
72
71
72
76
77
75
74
73
72
72
77
81
83
85
85
81
77
76
72
71
74
76
76
79
84
85
85
88
84
76
72
76
78
80
83
82
76
72
72
74
75
78
78
76
76
80
83
87
89
85
81
78
79
82
86
88
85
82
79
77
76
78
82
81
79
79
80
79
80
83
82
77
74
74
76
76
80
82
80
79
79
83
84
85
85
82
75
72
72
68
68
70
70
69
70
73
75
79
82
81
80
83
82
78
76
73
70
68
72
74
74
78
81
81
79
80
79
78
81
84
86
86
86
78
71
71
70
70
72
76
75
73
73
73
72
74
75
73
73
77
75
72
77
78
74
74
77
77
72
76
77
73
75
79
76
69
72
74
74
78
84
84
81
86
86
81
82
83
80
75
80
78
75
81
84
82
78
84
81
73
75
78
74
69
74
73
68
74
80
79
73
77
75
69
72
75
71
65
68
67
67
71
74
72
68
73
72
73
79
79
76
71
73
69
67
74
75
73
72
75
74
73
78
78
73
71
71
71
72
78
80
79
77
76
77
78
80
81
81
80
76
74
75
77
77
78
78
75
78
80
80
78
77
76
73
75
78
78
74
72
71
71
75
80
81
77
72
69
69
72
79
82
82
79
75
73
69
72
76
78
76
74
76
72
72
74
73
69
67
73
70
72
76
77
72
70
77
75
72
74
78
76
73
77
73
70
72
78
79
80
85
83
79
79
79
78
78
79
75
70
74
77
77
80
84
81
74
72
73
70
71
74
73
70
70
73
73
73
74
75
73
73
75
75
75
73
72
72
71
72
73
76
76
77
79
77
76
76
77
76
77
82
81
77
74
72
69
67
72
76
75
77
80
82
80
83
83
79
77
75
74
73
75
76
74
73
74
76
76
79
80
75
72
73
74
74
78
79
76
74
75
76
75
77
78
76
75
76
76
73
73
72
68
68
70
70
73
80
82
77
75
75
73
73
79
81
78
79
80
75
74
78
77
72
73
76
72
72
76
74
