52
50
54
56
57
64
68
63
59
60
59
57
60
62
57
57
62
65
68
74
76
74
73
74
74
72
72
71
68
69
73
73
72
71
70
69
73
77
77
75
72
68
67
71
77
77
77
76
73
72
76
77
74
74
75
73
74
76
73
68
67
67
67
70
74
71
66
66
68
71
76
81
78
71
69
68
68
71
73
70
68
69
71
72
74
75
73
72
73
75
74
73
72
71
72
74
77
77
74
70
68
68
70
72
70
66
64
63
65
70
73
72
69
68
68
70
73
73
71
68
67
68
71
73
73
70
68
69
71
75
77
75
73
70
70
72
76
76
73
71
70
70
74
79
78
75
74
71
67
69
72
70
68
71
71
69
72
76
71
70
74
75
74
75
75
68
66
69
68
67
70
72
66
66
72
74
74
74
74
68
68
73
74
74
74
74
70
69
73
73
72
71
72
69
67
69
70
70
68
69
72
73
75
77
77
75
77
81
84
87
88
88
89
89
87
85
84
82
79
77
74
74
74
77
79
77
70
66
65
64
65
68
69
67
68
72
73
73
74
73
70
70
75
77
78
79
79
78
79
82
81
81
81
80
79
79
81
79
78
78
77
76
77
79
76
73
73
71
69
71
75
73
71
73
73
72
74
76
73
72
74
74
73
74
75
73
74
78
78
76
76
74
68
69
75
79
82
87
89
82
80
81
78
75
76
78
74
73
78
79
78
78
79
77
76
79
78
77
76
74
71
69
71
72
75
77
75
71
69
70
71
74
76
75
73
71
72
73
75
77
77
74
72
74
75
76
76
75
72
70
73
74
74
73
73
72
71
75
77
79
80
82
83
83
83
82
81
82
82
83
83
82
80
76
73
71
70
70
